2e+06 0 666667 0 0 0 0 0 0 -333.333 0 0 333.333 0 -333.333 -333.333 0 -1.42109e-14 0 0 -4.26326e-14 
0 1.33333e+06 0 0 0 0 0 0 0 0 -166.667 -166.667 0 -3.6812e-14 0 0 -3.6812e-14 0 -166.667 -166.667 0 
666667 0 2e+06 0 0 0 0 0 0 -4.26326e-14 0 0 -1.42109e-14 0 -333.333 -333.333 0 333.333 0 0 -333.333 
0 0 0 2.26667e+06 0 0 266667 666667 0 0 0 0 0 0 0 0 0 0 0 0 0 
0 0 0 0 1.73333e+06 266667 0 0 666667 0 0 0 0 0 0 0 0 0 0 0 0 
0 0 0 0 133333 1.33333e+06 0 0 133333 0 0 0 0 0 0 0 0 0 0 0 0 
0 0 0 133333 0 0 1.33333e+06 133333 0 0 0 0 0 0 0 0 0 0 0 0 0 
0 0 0 666667 0 0 266667 1.73333e+06 0 0 0 0 0 0 0 0 0 0 0 0 0 
0 0 0 0 666667 266667 0 0 2.26667e+06 0 0 0 0 0 0 0 0 0 0 0 0 
0 0 0 0 0 0 0 0 0 2.36667e+06 0 0 -100000 0 200000 200000 0 700000 0 0 -33333.3 
0 0 0 0 0 0 0 0 0 0 1.63333e+06 433333 0 66666.7 0 0 200000 0 500000 100000 0 
0 0 0 0 0 0 0 0 0 0 433333 1.63333e+06 0 66666.7 0 0 200000 0 100000 500000 0 
0 0 0 0 0 0 0 0 0 166667 0 0 1.56667e+06 0 333333 333333 0 -33333.3 0 0 700000 
0 0 0 0 0 0 0 0 0 0 100000 100000 0 1.4e+06 0 0 -66666.7 0 166667 166667 0 
0 0 0 0 0 0 0 0 0 33333.3 0 0 100000 0 1e+06 200000 0 100000 0 0 33333.3 
0 0 0 0 0 0 0 0 0 33333.3 0 0 100000 0 200000 1e+06 0 100000 0 0 33333.3 
0 0 0 0 0 0 0 0 0 0 166667 166667 0 -66666.7 0 0 1.4e+06 0 100000 100000 0 
0 0 0 0 0 0 0 0 0 700000 0 0 -33333.3 0 333333 333333 0 1.56667e+06 0 0 166667 
0 0 0 0 0 0 0 0 0 0 500000 100000 0 200000 0 0 66666.7 0 1.63333e+06 433333 0 
0 0 0 0 0 0 0 0 0 0 100000 500000 0 200000 0 0 66666.7 0 433333 1.63333e+06 0 
0 0 0 0 0 0 0 0 0 -33333.3 0 0 700000 0 200000 200000 0 -100000 0 0 2.36667e+06 
