Problem
100000.0
0.3
8
6
-0.5   -0.5   0
 0.5   -0.5   0
 0.5    0.5   0
-0.5    0.5   0
 0.5   -0.5   2
 0.5    0.5   2
-0.5    0.5   2
-0.5   -0.5   2
1	4	3	2
7	8	5	6
6	5	2	3
7	4	1	8
1	2	5	8
4	7	6	3
1	0
1	0
1	0
1	0
1	0
1	0
1	0
1	0
1	0
1	0
1	0
1	0
1	0
1	0
1	0
1	0
1	0
1	0
1	0
1	0
1	0
1	0
1	0
1	0
1	1	1	1	1	1	1	1	1	1	1	1	0	0	1	0	0	1	0	0	1	0	0	1
1	1	1	1	1	1	1	1	1	1	1	1	0	0	-1	0	0	-1	0	0	-1	0	0	-1
1	1	1	1	1	1	1	1	1	1	1	1	0	0	0	0	0	0	0	0	0	0	0	0
1	1	1	1	1	1	1	1	1	1	1	1	0	0	0	0	0	0	0	0	0	0	0	0
1	1	1	1	1	1	1	1	1	1	1	1	0	0	0	0	0	0	0	0	0	0	0	0
1	1	1	1	1	1	1	1	1	1	1	1	0	0	0	0	0	0	0	0	0	0	0	0

