Boundary_mesh_of_a_square
1000000
0.25
400
200

0 0
1 0
0.01 0
0.02 0
0.03 0
0.04 0
0.05 0
0.06 0
0.07 0
0.08 0
0.09 0
0.1 0
0.11 0
0.12 0
0.13 0
0.14 0
0.15 0
0.16 0
0.17 0
0.18 0
0.19 0
0.2 0
0.21 0
0.22 0
0.23 0
0.24 0
0.25 0
0.26 0
0.27 0
0.28 0
0.29 0
0.3 0
0.31 0
0.32 0
0.33 0
0.34 0
0.35 0
0.36 0
0.37 0
0.38 0
0.39 0
0.4 0
0.41 0
0.42 0
0.43 0
0.44 0
0.45 0
0.46 0
0.47 0
0.48 0
0.49 0
0.5 0
0.51 0
0.52 0
0.53 0
0.54 0
0.55 0
0.56 0
0.57 0
0.58 0
0.59 0
0.6 0
0.61 0
0.62 0
0.63 0
0.64 0
0.65 0
0.66 0
0.67 0
0.68 0
0.69 0
0.7 0
0.71 0
0.72 0
0.73 0
0.74 0
0.75 0
0.76 0
0.77 0
0.78 0
0.79 0
0.8 0
0.81 0
0.82 0
0.83 0
0.84 0
0.85 0
0.86 0
0.87 0
0.88 0
0.89 0
0.9 0
0.91 0
0.92 0
0.93 0
0.94 0
0.95 0
0.96 0
0.97 0
0.98 0
0.99 0
1 1
1 0.01
1 0.02
1 0.03
1 0.04
1 0.05
1 0.06
1 0.07
1 0.08
1 0.09
1 0.1
1 0.11
1 0.12
1 0.13
1 0.14
1 0.15
1 0.16
1 0.17
1 0.18
1 0.19
1 0.2
1 0.21
1 0.22
1 0.23
1 0.24
1 0.25
1 0.26
1 0.27
1 0.28
1 0.29
1 0.3
1 0.31
1 0.32
1 0.33
1 0.34
1 0.35
1 0.36
1 0.37
1 0.38
1 0.39
1 0.4
1 0.41
1 0.42
1 0.43
1 0.44
1 0.45
1 0.46
1 0.47
1 0.48
1 0.49
1 0.5
1 0.51
1 0.52
1 0.53
1 0.54
1 0.55
1 0.56
1 0.57
1 0.58
1 0.59
1 0.6
1 0.61
1 0.62
1 0.63
1 0.64
1 0.65
1 0.66
1 0.67
1 0.68
1 0.69
1 0.7
1 0.71
1 0.72
1 0.73
1 0.74
1 0.75
1 0.76
1 0.77
1 0.78
1 0.79
1 0.8
1 0.81
1 0.82
1 0.83
1 0.84
1 0.85
1 0.86
1 0.87
1 0.88
1 0.89
1 0.9
1 0.91
1 0.92
1 0.93
1 0.94
1 0.95
1 0.96
1 0.97
1 0.98
1 0.99
0 1
0.99 1
0.98 1
0.97 1
0.96 1
0.95 1
0.94 1
0.93 1
0.92 1
0.91 1
0.9 1
0.89 1
0.88 1
0.87 1
0.86 1
0.85 1
0.84 1
0.83 1
0.82 1
0.81 1
0.8 1
0.79 1
0.78 1
0.77 1
0.76 1
0.75 1
0.74 1
0.73 1
0.72 1
0.71 1
0.7 1
0.69 1
0.68 1
0.67 1
0.66 1
0.65 1
0.64 1
0.63 1
0.62 1
0.61 1
0.6 1
0.59 1
0.58 1
0.57 1
0.56 1
0.55 1
0.54 1
0.53 1
0.52 1
0.51 1
0.5 1
0.49 1
0.48 1
0.47 1
0.46 1
0.45 1
0.44 1
0.43 1
0.42 1
0.41 1
0.4 1
0.39 1
0.38 1
0.37 1
0.36 1
0.35 1
0.34 1
0.33 1
0.32 1
0.31 1
0.3 1
0.29 1
0.28 1
0.27 1
0.26 1
0.25 1
0.24 1
0.23 1
0.22 1
0.21 1
0.2 1
0.19 1
0.18 1
0.17 1
0.16 1
0.15 1
0.14 1
0.13 1
0.12 1
0.11 1
0.1 1
0.09 1
0.08 1
0.07 1
0.06 1
0.05 1
0.04 1
0.03 1
0.02 1
0.01 1
0 0.99
0 0.98
0 0.97
0 0.96
0 0.95
0 0.94
0 0.93
0 0.92
0 0.91
0 0.9
0 0.89
0 0.88
0 0.87
0 0.86
0 0.85
0 0.84
0 0.83
0 0.82
0 0.81
0 0.8
0 0.79
0 0.78
0 0.77
0 0.76
0 0.75
0 0.74
0 0.73
0 0.72
0 0.71
0 0.7
0 0.69
0 0.68
0 0.67
0 0.66
0 0.65
0 0.64
0 0.63
0 0.62
0 0.61
0 0.6
0 0.59
0 0.58
0 0.57
0 0.56
0 0.55
0 0.54
0 0.53
0 0.52
0 0.51
0 0.5
0 0.49
0 0.48
0 0.47
0 0.46
0 0.45
0 0.44
0 0.43
0 0.42
0 0.41
0 0.4
0 0.39
0 0.38
0 0.37
0 0.36
0 0.35
0 0.34
0 0.33
0 0.32
0 0.31
0 0.3
0 0.29
0 0.28
0 0.27
0 0.26
0 0.25
0 0.24
0 0.23
0 0.22
0 0.21
0 0.2
0 0.19
0 0.18
0 0.17
0 0.16
0 0.15
0 0.14
0 0.13
0 0.12
0 0.11
0 0.1
0 0.09
0 0.08
0 0.07
0 0.06
0 0.05
0 0.04
0 0.03
0 0.02
0 0.01

1 4 3
4 6 5
6 8 7
8 10 9
10 12 11
12 14 13
14 16 15
16 18 17
18 20 19
20 22 21
22 24 23
24 26 25
26 28 27
28 30 29
30 32 31
32 34 33
34 36 35
36 38 37
38 40 39
40 42 41
42 44 43
44 46 45
46 48 47
48 50 49
50 52 51
52 54 53
54 56 55
56 58 57
58 60 59
60 62 61
62 64 63
64 66 65
66 68 67
68 70 69
70 72 71
72 74 73
74 76 75
76 78 77
78 80 79
80 82 81
82 84 83
84 86 85
86 88 87
88 90 89
90 92 91
92 94 93
94 96 95
96 98 97
98 100 99
100 2 101
2 104 103
104 106 105
106 108 107
108 110 109
110 112 111
112 114 113
114 116 115
116 118 117
118 120 119
120 122 121
122 124 123
124 126 125
126 128 127
128 130 129
130 132 131
132 134 133
134 136 135
136 138 137
138 140 139
140 142 141
142 144 143
144 146 145
146 148 147
148 150 149
150 152 151
152 154 153
154 156 155
156 158 157
158 160 159
160 162 161
162 164 163
164 166 165
166 168 167
168 170 169
170 172 171
172 174 173
174 176 175
176 178 177
178 180 179
180 182 181
182 184 183
184 186 185
186 188 187
188 190 189
190 192 191
192 194 193
194 196 195
196 198 197
198 200 199
200 102 201
102 204 203
204 206 205
206 208 207
208 210 209
210 212 211
212 214 213
214 216 215
216 218 217
218 220 219
220 222 221
222 224 223
224 226 225
226 228 227
228 230 229
230 232 231
232 234 233
234 236 235
236 238 237
238 240 239
240 242 241
242 244 243
244 246 245
246 248 247
248 250 249
250 252 251
252 254 253
254 256 255
256 258 257
258 260 259
260 262 261
262 264 263
264 266 265
266 268 267
268 270 269
270 272 271
272 274 273
274 276 275
276 278 277
278 280 279
280 282 281
282 284 283
284 286 285
286 288 287
288 290 289
290 292 291
292 294 293
294 296 295
296 298 297
298 300 299
300 202 301
202 303 302
303 305 304
305 307 306
307 309 308
309 311 310
311 313 312
313 315 314
315 317 316
317 319 318
319 321 320
321 323 322
323 325 324
325 327 326
327 329 328
329 331 330
331 333 332
333 335 334
335 337 336
337 339 338
339 341 340
341 343 342
343 345 344
345 347 346
347 349 348
349 351 350
351 353 352
353 355 354
355 357 356
357 359 358
359 361 360
361 363 362
363 365 364
365 367 366
367 369 368
369 371 370
371 373 372
373 375 374
375 377 376
377 379 378
379 381 380
381 383 382
383 385 384
385 387 386
387 389 388
389 391 390
391 393 392
393 395 394
395 397 396
397 399 398
399 1 400

0 0
0 0
0 0
0 0
0 0
0 0
0 0
0 0
0 0
0 0
0 0
0 0
0 0
0 0
0 0
0 0
0 0
0 0
0 0
0 0
0 0
0 0
0 0
0 0
0 0
0 0
0 0
0 0
0 0
0 0
0 0
0 0
0 0
0 0
0 0
0 0
0 0
0 0
0 0
0 0
0 0
0 0
0 0
0 0
0 0
0 0
0 0
0 0
0 0
0 0
0 0
0 0
0 0
0 0
0 0
0 0
0 0
0 0
0 0
0 0
0 0
0 0
0 0
0 0
0 0
0 0
0 0
0 0
0 0
0 0
0 0
0 0
0 0
0 0
0 0
0 0
0 0
0 0
0 0
0 0
0 0
0 0
0 0
0 0
0 0
0 0
0 0
0 0
0 0
0 0
0 0
0 0
0 0
0 0
0 0
0 0
0 0
0 0
0 0
0 0
0 0
0 0
0 0
0 0
0 0
0 0
0 0
0 0
0 0
0 0
0 0
0 0
0 0
0 0
0 0
0 0
0 0
0 0
0 0
0 0
0 0
0 0
0 0
0 0
0 0
0 0
0 0
0 0
0 0
0 0
0 0
0 0
0 0
0 0
0 0
0 0
0 0
0 0
0 0
0 0
0 0
0 0
0 0
0 0
0 0
0 0
0 0
0 0
0 0
0 0
0 0
0 0
0 0
0 0
0 0
0 0
0 0
0 0
0 0
0 0
0 0
0 0
0 0
0 0
0 0
0 0
0 0
0 0
0 0
0 0
0 0
0 0
0 0
0 0
0 0
0 0
0 0
0 0
0 0
0 0
0 0
0 0
0 0
0 0
0 0
0 0
0 0
0 0
0 0
0 0
0 0
0 0
0 0
0 0
0 0
0 0
0 0
0 0
0 0
0 0
0 0
0 0
1 0
1 0
1 0
1 0
1 0
1 0
1 0
1 0
1 0
1 0
1 0
1 0
1 0
1 0
1 0
1 0
1 0
1 0
1 0
1 0
1 0
1 0
1 0
1 0
1 0
1 0
1 0
1 0
1 0
1 0
1 0
1 0
1 0
1 0
1 0
1 0
1 0
1 0
1 0
1 0
1 0
1 0
1 0
1 0
1 0
1 0
1 0
1 0
1 0
1 0
1 0
1 0
1 0
1 0
1 0
1 0
1 0
1 0
1 0
1 0
1 0
1 0
1 0
1 0
1 0
1 0
1 0
1 0
1 0
1 0
1 0
1 0
1 0
1 0
1 0
1 0
1 0
1 0
1 0
1 0
1 0
1 0
1 0
1 0
1 0
1 0
1 0
1 0
1 0
1 0
1 0
1 0
1 0
1 0
1 0
1 0
1 0
1 0
1 0
1 0
1 0
1 0
1 0
1 0
1 0
1 0
1 0
1 0
1 0
1 0
1 0
1 0
1 0
1 0
1 0
1 0
1 0
1 0
1 0
1 0
1 0
1 0
1 0
1 0
1 0
1 0
1 0
1 0
1 0
1 0
1 0
1 0
1 0
1 0
1 0
1 0
1 0
1 0
1 0
1 0
1 0
1 0
1 0
1 0
1 0
1 0
1 0
1 0
1 0
1 0
1 0
1 0
1 0
1 0
1 0
1 0
1 0
1 0
1 0
1 0
1 0
1 0
1 0
1 0
1 0
1 0
1 0
1 0
1 0
1 0
1 0
1 0
1 0
1 0
1 0
1 0
1 0
1 0
1 0
1 0
1 0
1 0
1 0
1 0
1 0
1 0
1 0
1 0
1 0
1 0
1 0
1 0
1 0
1 0
1 0
1 0
1 0
1 0
1 0
1 0
1 0
1 0
1 0
1 0
1 0
1 0
1 0
1 0
1 0
1 0
1 0
1 0
1 0
1 0
1 0
1 0
1 0
1 0
1 0
1 0
1 0
1 0
1 0
1 0
1 0
1 0
1 0
1 0
1 0
1 0
1 0
1 0
1 0
1 0
1 0
1 0
1 0
1 0
1 0
1 0
1 0
1 0
1 0
1 0
1 0
1 0
1 0
1 0
1 0
1 0
1 0
1 0
1 0
1 0
1 0
1 0
1 0
1 0
1 0
1 0
1 0
1 0
1 0
1 0
1 0
1 0
1 0
1 0
1 0
1 0
1 0
1 0
1 0
1 0
1 0
1 0
1 0
1 0
1 0
1 0
1 0
1 0
1 0
1 0
1 0
1 0
1 0
1 0
1 0
1 0
1 0
1 0
1 0
1 0
1 0
1 0
1 0
1 0
1 0
1 0
1 0
1 0
1 0
1 0
1 0
1 0
1 0
1 0
1 0
1 0
1 0
1 0
1 0
1 0
1 0
1 0
1 0
1 0
1 0
1 0
1 0
1 0
1 0
1 0
1 0
1 0
1 0
1 0
1 0
1 0
1 0
1 0
1 0
1 0
1 0
1 0
1 0
1 0
1 0
1 0
1 0
1 0
1 0
1 0
1 0
1 0
1 0
1 0
1 0
1 0
1 0
1 0
1 0
1 0
1 0
1 0
1 0
1 0
1 0
1 0
1 0
1 0
1 0
1 0
1 0
1 0
1 0
1 0
1 0
1 0
1 0
1 0
1 0
1 0
1 0
1 0
1 0
1 0
1 0
1 0
1 0
1 0
1 0
1 0
1 0
1 0
1 0
1 0
1 0
1 0
1 0
1 0
1 0
1 0
1 0
1 0
1 0
1 0
1 0
1 0
1 0
1 0
1 0
1 0
1 0
1 0
1 0
1 0
1 0
1 0
1 0
1 0
1 0
1 0
1 0
1 0
1 0
1 0
1 0
1 0
1 0
1 0
1 0
1 0
1 0
1 0
1 0
1 0
1 0
1 0
1 0
1 0
1 0
1 0
1 0
1 0
1 0
1 0
1 0
1 0
1 0
1 0
1 0
1 0
1 0
1 0
1 0
1 0
1 0
1 0
1 0
1 0
1 0
1 0
1 0
1 0
1 0
1 0
1 0
1 0
1 0
1 0
1 0
1 0
1 0
1 0
1 0
1 0
1 0
1 0
1 0
1 0
1 0
1 0
1 0
1 0
1 0
1 0
1 0
1 0
1 0
1 0
1 0
1 0
1 0
1 0
1 0
1 0
1 0
1 0
1 0
1 0
1 0
1 0
1 0
1 0
1 0
1 0
1 0
1 0
1 0
1 0
1 0
1 0
1 0
1 0
1 0
1 0
1 0
1 0
1 0
1 0
1 0
1 0
1 0
1 0
1 0
1 0
1 0
1 0
1 0
1 0
1 0
1 0
1 0
1 0
1 0
1 0
1 0
1 0
1 0
1 0
1 0
1 0
1 0
1 0
1 0
1 0
1 0
1 0
1 0
1 0
1 0
1 0
1 0
1 0
1 0
1 0
1 0
1 0
1 0
1 0
1 0
1 0
1 0
1 0
1 0
1 0
1 0
1 0
1 0
1 0
1 0
1 0
1 0
1 0
1 0
1 0
1 0
1 0
1 0
1 0
1 0
1 0
1 0
1 0
1 0
1 0
1 0
1 0
1 0
1 0
1 0
1 0
1 0
1 0
1 0
1 0
1 0
1 0
1 0
1 0
1 0
1 0
1 0
1 0
1 0
1 0

0 0 0 0 0 0 0 0 0 0 0 0 
0 0 0 0 0 0 0 0 0 0 0 0 
0 0 0 0 0 0 0 0 0 0 0 0 
0 0 0 0 0 0 0 0 0 0 0 0 
0 0 0 0 0 0 0 0 0 0 0 0 
0 0 0 0 0 0 0 0 0 0 0 0 
0 0 0 0 0 0 0 0 0 0 0 0 
0 0 0 0 0 0 0 0 0 0 0 0 
0 0 0 0 0 0 0 0 0 0 0 0 
0 0 0 0 0 0 0 0 0 0 0 0 
0 0 0 0 0 0 0 0 0 0 0 0 
0 0 0 0 0 0 0 0 0 0 0 0 
0 0 0 0 0 0 0 0 0 0 0 0 
0 0 0 0 0 0 0 0 0 0 0 0 
0 0 0 0 0 0 0 0 0 0 0 0 
0 0 0 0 0 0 0 0 0 0 0 0 
0 0 0 0 0 0 0 0 0 0 0 0 
0 0 0 0 0 0 0 0 0 0 0 0 
0 0 0 0 0 0 0 0 0 0 0 0 
0 0 0 0 0 0 0 0 0 0 0 0 
0 0 0 0 0 0 0 0 0 0 0 0 
0 0 0 0 0 0 0 0 0 0 0 0 
0 0 0 0 0 0 0 0 0 0 0 0 
0 0 0 0 0 0 0 0 0 0 0 0 
0 0 0 0 0 0 0 0 0 0 0 0 
0 0 0 0 0 0 0 0 0 0 0 0 
0 0 0 0 0 0 0 0 0 0 0 0 
0 0 0 0 0 0 0 0 0 0 0 0 
0 0 0 0 0 0 0 0 0 0 0 0 
0 0 0 0 0 0 0 0 0 0 0 0 
0 0 0 0 0 0 0 0 0 0 0 0 
0 0 0 0 0 0 0 0 0 0 0 0 
0 0 0 0 0 0 0 0 0 0 0 0 
0 0 0 0 0 0 0 0 0 0 0 0 
0 0 0 0 0 0 0 0 0 0 0 0 
0 0 0 0 0 0 0 0 0 0 0 0 
0 0 0 0 0 0 0 0 0 0 0 0 
0 0 0 0 0 0 0 0 0 0 0 0 
0 0 0 0 0 0 0 0 0 0 0 0 
0 0 0 0 0 0 0 0 0 0 0 0 
0 0 0 0 0 0 0 0 0 0 0 0 
0 0 0 0 0 0 0 0 0 0 0 0 
0 0 0 0 0 0 0 0 0 0 0 0 
0 0 0 0 0 0 0 0 0 0 0 0 
0 0 0 0 0 0 0 0 0 0 0 0 
0 0 0 0 0 0 0 0 0 0 0 0 
0 0 0 0 0 0 0 0 0 0 0 0 
0 0 0 0 0 0 0 0 0 0 0 0 
0 0 0 0 0 0 0 0 0 0 0 0 
0 0 0 0 0 0 0 0 0 0 0 0 
1 1 1 1 1 1 0 0 0 0 0 0 
1 1 1 1 1 1 0 0 0 0 0 0 
1 1 1 1 1 1 0 0 0 0 0 0 
1 1 1 1 1 1 0 0 0 0 0 0 
1 1 1 1 1 1 0 0 0 0 0 0 
1 1 1 1 1 1 0 0 0 0 0 0 
1 1 1 1 1 1 0 0 0 0 0 0 
1 1 1 1 1 1 0 0 0 0 0 0 
1 1 1 1 1 1 0 0 0 0 0 0 
1 1 1 1 1 1 0 0 0 0 0 0 
1 1 1 1 1 1 0 0 0 0 0 0 
1 1 1 1 1 1 0 0 0 0 0 0 
1 1 1 1 1 1 0 0 0 0 0 0 
1 1 1 1 1 1 0 0 0 0 0 0 
1 1 1 1 1 1 0 0 0 0 0 0 
1 1 1 1 1 1 0 0 0 0 0 0 
1 1 1 1 1 1 0 0 0 0 0 0 
1 1 1 1 1 1 0 0 0 0 0 0 
1 1 1 1 1 1 0 0 0 0 0 0 
1 1 1 1 1 1 0 0 0 0 0 0 
1 1 1 1 1 1 0 0 0 0 0 0 
1 1 1 1 1 1 0 0 0 0 0 0 
1 1 1 1 1 1 0 0 0 0 0 0 
1 1 1 1 1 1 0 0 0 0 0 0 
1 1 1 1 1 1 0 0 0 0 0 0 
1 1 1 1 1 1 0 0 0 0 0 0 
1 1 1 1 1 1 0 0 0 0 0 0 
1 1 1 1 1 1 0 0 0 0 0 0 
1 1 1 1 1 1 0 0 0 0 0 0 
1 1 1 1 1 1 0 0 0 0 0 0 
1 1 1 1 1 1 0 0 0 0 0 0 
1 1 1 1 1 1 0 0 0 0 0 0 
1 1 1 1 1 1 0 0 0 0 0 0 
1 1 1 1 1 1 0 0 0 0 0 0 
1 1 1 1 1 1 0 0 0 0 0 0 
1 1 1 1 1 1 0 0 0 0 0 0 
1 1 1 1 1 1 0 0 0 0 0 0 
1 1 1 1 1 1 0 0 0 0 0 0 
1 1 1 1 1 1 0 0 0 0 0 0 
1 1 1 1 1 1 0 0 0 0 0 0 
1 1 1 1 1 1 0 0 0 0 0 0 
1 1 1 1 1 1 0 0 0 0 0 0 
1 1 1 1 1 1 0 0 0 0 0 0 
1 1 1 1 1 1 0 0 0 0 0 0 
1 1 1 1 1 1 0 0 0 0 0 0 
1 1 1 1 1 1 0 0 0 0 0 0 
1 1 1 1 1 1 0 0 0 0 0 0 
1 1 1 1 1 1 0 0 0 0 0 0 
1 1 1 1 1 1 0 0 0 0 0 0 
1 1 1 1 1 1 0 0 0 0 0 0 
1 1 1 1 1 1 0 -10000 0 -10000 0 -10000 
1 1 1 1 1 1 0 -10000 0 -10000 0 -10000 
1 1 1 1 1 1 0 -10000 0 -10000 0 -10000 
1 1 1 1 1 1 0 -10000 0 -10000 0 -10000 
1 1 1 1 1 1 0 -10000 0 -10000 0 -10000 
1 1 1 1 1 1 0 -10000 0 -10000 0 -10000 
1 1 1 1 1 1 0 -10000 0 -10000 0 -10000 
1 1 1 1 1 1 0 -10000 0 -10000 0 -10000 
1 1 1 1 1 1 0 -10000 0 -10000 0 -10000 
1 1 1 1 1 1 0 -10000 0 -10000 0 -10000 
1 1 1 1 1 1 0 -10000 0 -10000 0 -10000 
1 1 1 1 1 1 0 -10000 0 -10000 0 -10000 
1 1 1 1 1 1 0 -10000 0 -10000 0 -10000 
1 1 1 1 1 1 0 -10000 0 -10000 0 -10000 
1 1 1 1 1 1 0 -10000 0 -10000 0 -10000 
1 1 1 1 1 1 0 -10000 0 -10000 0 -10000 
1 1 1 1 1 1 0 -10000 0 -10000 0 -10000 
1 1 1 1 1 1 0 -10000 0 -10000 0 -10000 
1 1 1 1 1 1 0 -10000 0 -10000 0 -10000 
1 1 1 1 1 1 0 -10000 0 -10000 0 -10000 
1 1 1 1 1 1 0 -10000 0 -10000 0 -10000 
1 1 1 1 1 1 0 -10000 0 -10000 0 -10000 
1 1 1 1 1 1 0 -10000 0 -10000 0 -10000 
1 1 1 1 1 1 0 -10000 0 -10000 0 -10000 
1 1 1 1 1 1 0 -10000 0 -10000 0 -10000 
1 1 1 1 1 1 0 -10000 0 -10000 0 -10000 
1 1 1 1 1 1 0 -10000 0 -10000 0 -10000 
1 1 1 1 1 1 0 -10000 0 -10000 0 -10000 
1 1 1 1 1 1 0 -10000 0 -10000 0 -10000 
1 1 1 1 1 1 0 -10000 0 -10000 0 -10000 
1 1 1 1 1 1 0 -10000 0 -10000 0 -10000 
1 1 1 1 1 1 0 -10000 0 -10000 0 -10000 
1 1 1 1 1 1 0 -10000 0 -10000 0 -10000 
1 1 1 1 1 1 0 -10000 0 -10000 0 -10000 
1 1 1 1 1 1 0 -10000 0 -10000 0 -10000 
1 1 1 1 1 1 0 -10000 0 -10000 0 -10000 
1 1 1 1 1 1 0 -10000 0 -10000 0 -10000 
1 1 1 1 1 1 0 -10000 0 -10000 0 -10000 
1 1 1 1 1 1 0 -10000 0 -10000 0 -10000 
1 1 1 1 1 1 0 -10000 0 -10000 0 -10000 
1 1 1 1 1 1 0 -10000 0 -10000 0 -10000 
1 1 1 1 1 1 0 -10000 0 -10000 0 -10000 
1 1 1 1 1 1 0 -10000 0 -10000 0 -10000 
1 1 1 1 1 1 0 -10000 0 -10000 0 -10000 
1 1 1 1 1 1 0 -10000 0 -10000 0 -10000 
1 1 1 1 1 1 0 -10000 0 -10000 0 -10000 
1 1 1 1 1 1 0 -10000 0 -10000 0 -10000 
1 1 1 1 1 1 0 -10000 0 -10000 0 -10000 
1 1 1 1 1 1 0 -10000 0 -10000 0 -10000 
1 1 1 1 1 1 0 -10000 0 -10000 0 -10000 
1 1 1 1 1 1 0 0 0 0 0 0 
1 1 1 1 1 1 0 0 0 0 0 0 
1 1 1 1 1 1 0 0 0 0 0 0 
1 1 1 1 1 1 0 0 0 0 0 0 
1 1 1 1 1 1 0 0 0 0 0 0 
1 1 1 1 1 1 0 0 0 0 0 0 
1 1 1 1 1 1 0 0 0 0 0 0 
1 1 1 1 1 1 0 0 0 0 0 0 
1 1 1 1 1 1 0 0 0 0 0 0 
1 1 1 1 1 1 0 0 0 0 0 0 
1 1 1 1 1 1 0 0 0 0 0 0 
1 1 1 1 1 1 0 0 0 0 0 0 
1 1 1 1 1 1 0 0 0 0 0 0 
1 1 1 1 1 1 0 0 0 0 0 0 
1 1 1 1 1 1 0 0 0 0 0 0 
1 1 1 1 1 1 0 0 0 0 0 0 
1 1 1 1 1 1 0 0 0 0 0 0 
1 1 1 1 1 1 0 0 0 0 0 0 
1 1 1 1 1 1 0 0 0 0 0 0 
1 1 1 1 1 1 0 0 0 0 0 0 
1 1 1 1 1 1 0 0 0 0 0 0 
1 1 1 1 1 1 0 0 0 0 0 0 
1 1 1 1 1 1 0 0 0 0 0 0 
1 1 1 1 1 1 0 0 0 0 0 0 
1 1 1 1 1 1 0 0 0 0 0 0 
1 1 1 1 1 1 0 0 0 0 0 0 
1 1 1 1 1 1 0 0 0 0 0 0 
1 1 1 1 1 1 0 0 0 0 0 0 
1 1 1 1 1 1 0 0 0 0 0 0 
1 1 1 1 1 1 0 0 0 0 0 0 
1 1 1 1 1 1 0 0 0 0 0 0 
1 1 1 1 1 1 0 0 0 0 0 0 
1 1 1 1 1 1 0 0 0 0 0 0 
1 1 1 1 1 1 0 0 0 0 0 0 
1 1 1 1 1 1 0 0 0 0 0 0 
1 1 1 1 1 1 0 0 0 0 0 0 
1 1 1 1 1 1 0 0 0 0 0 0 
1 1 1 1 1 1 0 0 0 0 0 0 
1 1 1 1 1 1 0 0 0 0 0 0 
1 1 1 1 1 1 0 0 0 0 0 0 
1 1 1 1 1 1 0 0 0 0 0 0 
1 1 1 1 1 1 0 0 0 0 0 0 
1 1 1 1 1 1 0 0 0 0 0 0 
1 1 1 1 1 1 0 0 0 0 0 0 
1 1 1 1 1 1 0 0 0 0 0 0 
1 1 1 1 1 1 0 0 0 0 0 0 
1 1 1 1 1 1 0 0 0 0 0 0 
1 1 1 1 1 1 0 0 0 0 0 0 
1 1 1 1 1 1 0 0 0 0 0 0 
1 1 1 1 1 1 0 0 0 0 0 0 


