1201
1.001000e-01 3.000000e-02
1.001000e-01 3.011667e-02
1.001000e-01 3.023333e-02
1.001000e-01 3.035000e-02
1.001000e-01 3.046667e-02
1.001000e-01 3.058333e-02
1.001000e-01 3.070000e-02
1.001000e-01 3.081667e-02
1.001000e-01 3.093333e-02
1.001000e-01 3.105000e-02
1.001000e-01 3.116667e-02
1.001000e-01 3.128333e-02
1.001000e-01 3.140000e-02
1.001000e-01 3.151667e-02
1.001000e-01 3.163333e-02
1.001000e-01 3.175000e-02
1.001000e-01 3.186667e-02
1.001000e-01 3.198333e-02
1.001000e-01 3.210000e-02
1.001000e-01 3.221667e-02
1.001000e-01 3.233333e-02
1.001000e-01 3.245000e-02
1.001000e-01 3.256667e-02
1.001000e-01 3.268333e-02
1.001000e-01 3.280000e-02
1.001000e-01 3.291667e-02
1.001000e-01 3.303333e-02
1.001000e-01 3.315000e-02
1.001000e-01 3.326667e-02
1.001000e-01 3.338333e-02
1.001000e-01 3.350000e-02
1.001000e-01 3.361667e-02
1.001000e-01 3.373333e-02
1.001000e-01 3.385000e-02
1.001000e-01 3.396667e-02
1.001000e-01 3.408333e-02
1.001000e-01 3.420000e-02
1.001000e-01 3.431667e-02
1.001000e-01 3.443333e-02
1.001000e-01 3.455000e-02
1.001000e-01 3.466667e-02
1.001000e-01 3.478333e-02
1.001000e-01 3.490000e-02
1.001000e-01 3.501667e-02
1.001000e-01 3.513333e-02
1.001000e-01 3.525000e-02
1.001000e-01 3.536667e-02
1.001000e-01 3.548333e-02
1.001000e-01 3.560000e-02
1.001000e-01 3.571667e-02
1.001000e-01 3.583333e-02
1.001000e-01 3.595000e-02
1.001000e-01 3.606667e-02
1.001000e-01 3.618333e-02
1.001000e-01 3.630000e-02
1.001000e-01 3.641667e-02
1.001000e-01 3.653333e-02
1.001000e-01 3.665000e-02
1.001000e-01 3.676667e-02
1.001000e-01 3.688333e-02
1.001000e-01 3.700000e-02
1.001000e-01 3.711667e-02
1.001000e-01 3.723333e-02
1.001000e-01 3.735000e-02
1.001000e-01 3.746667e-02
1.001000e-01 3.758333e-02
1.001000e-01 3.770000e-02
1.001000e-01 3.781667e-02
1.001000e-01 3.793333e-02
1.001000e-01 3.805000e-02
1.001000e-01 3.816667e-02
1.001000e-01 3.828333e-02
1.001000e-01 3.840000e-02
1.001000e-01 3.851667e-02
1.001000e-01 3.863333e-02
1.001000e-01 3.875000e-02
1.001000e-01 3.886667e-02
1.001000e-01 3.898333e-02
1.001000e-01 3.910000e-02
1.001000e-01 3.921667e-02
1.001000e-01 3.933333e-02
1.001000e-01 3.945000e-02
1.001000e-01 3.956667e-02
1.001000e-01 3.968333e-02
1.001000e-01 3.980000e-02
1.001000e-01 3.991667e-02
1.001000e-01 4.003333e-02
1.001000e-01 4.015000e-02
1.001000e-01 4.026667e-02
1.001000e-01 4.038333e-02
1.001000e-01 4.050000e-02
1.001000e-01 4.061667e-02
1.001000e-01 4.073333e-02
1.001000e-01 4.085000e-02
1.001000e-01 4.096667e-02
1.001000e-01 4.108333e-02
1.001000e-01 4.120000e-02
1.001000e-01 4.131667e-02
1.001000e-01 4.143333e-02
1.001000e-01 4.155000e-02
1.001000e-01 4.166667e-02
1.001000e-01 4.178333e-02
1.001000e-01 4.190000e-02
1.001000e-01 4.201667e-02
1.001000e-01 4.213333e-02
1.001000e-01 4.225000e-02
1.001000e-01 4.236667e-02
1.001000e-01 4.248333e-02
1.001000e-01 4.260000e-02
1.001000e-01 4.271667e-02
1.001000e-01 4.283333e-02
1.001000e-01 4.295000e-02
1.001000e-01 4.306667e-02
1.001000e-01 4.318333e-02
1.001000e-01 4.330000e-02
1.001000e-01 4.341667e-02
1.001000e-01 4.353333e-02
1.001000e-01 4.365000e-02
1.001000e-01 4.376667e-02
1.001000e-01 4.388333e-02
1.001000e-01 4.400000e-02
1.001000e-01 4.411667e-02
1.001000e-01 4.423333e-02
1.001000e-01 4.435000e-02
1.001000e-01 4.446667e-02
1.001000e-01 4.458333e-02
1.001000e-01 4.470000e-02
1.001000e-01 4.481667e-02
1.001000e-01 4.493333e-02
1.001000e-01 4.505000e-02
1.001000e-01 4.516667e-02
1.001000e-01 4.528333e-02
1.001000e-01 4.540000e-02
1.001000e-01 4.551667e-02
1.001000e-01 4.563333e-02
1.001000e-01 4.575000e-02
1.001000e-01 4.586667e-02
1.001000e-01 4.598333e-02
1.001000e-01 4.610000e-02
1.001000e-01 4.621667e-02
1.001000e-01 4.633333e-02
1.001000e-01 4.645000e-02
1.001000e-01 4.656667e-02
1.001000e-01 4.668333e-02
1.001000e-01 4.680000e-02
1.001000e-01 4.691667e-02
1.001000e-01 4.703333e-02
1.001000e-01 4.715000e-02
1.001000e-01 4.726667e-02
1.001000e-01 4.738333e-02
1.001000e-01 4.750000e-02
1.001000e-01 4.761667e-02
1.001000e-01 4.773333e-02
1.001000e-01 4.785000e-02
1.001000e-01 4.796667e-02
1.001000e-01 4.808333e-02
1.001000e-01 4.820000e-02
1.001000e-01 4.831667e-02
1.001000e-01 4.843333e-02
1.001000e-01 4.855000e-02
1.001000e-01 4.866667e-02
1.001000e-01 4.878333e-02
1.001000e-01 4.890000e-02
1.001000e-01 4.901667e-02
1.001000e-01 4.913333e-02
1.001000e-01 4.925000e-02
1.001000e-01 4.936667e-02
1.001000e-01 4.948333e-02
1.001000e-01 4.960000e-02
1.001000e-01 4.971667e-02
1.001000e-01 4.983333e-02
1.001000e-01 4.995000e-02
1.001000e-01 5.006667e-02
1.001000e-01 5.018333e-02
1.001000e-01 5.030000e-02
1.001000e-01 5.041667e-02
1.001000e-01 5.053333e-02
1.001000e-01 5.065000e-02
1.001000e-01 5.076667e-02
1.001000e-01 5.088333e-02
1.001000e-01 5.100000e-02
1.001000e-01 5.111667e-02
1.001000e-01 5.123333e-02
1.001000e-01 5.135000e-02
1.001000e-01 5.146667e-02
1.001000e-01 5.158333e-02
1.001000e-01 5.170000e-02
1.001000e-01 5.181667e-02
1.001000e-01 5.193333e-02
1.001000e-01 5.205000e-02
1.001000e-01 5.216667e-02
1.001000e-01 5.228333e-02
1.001000e-01 5.240000e-02
1.001000e-01 5.251667e-02
1.001000e-01 5.263333e-02
1.001000e-01 5.275000e-02
1.001000e-01 5.286667e-02
1.001000e-01 5.298333e-02
1.001000e-01 5.310000e-02
1.001000e-01 5.321667e-02
1.001000e-01 5.333333e-02
1.001000e-01 5.345000e-02
1.001000e-01 5.356667e-02
1.001000e-01 5.368333e-02
1.001000e-01 5.380000e-02
1.001000e-01 5.391667e-02
1.001000e-01 5.403333e-02
1.001000e-01 5.415000e-02
1.001000e-01 5.426667e-02
1.001000e-01 5.438333e-02
1.001000e-01 5.450000e-02
1.001000e-01 5.461667e-02
1.001000e-01 5.473333e-02
1.001000e-01 5.485000e-02
1.001000e-01 5.496667e-02
1.001000e-01 5.508333e-02
1.001000e-01 5.520000e-02
1.001000e-01 5.531667e-02
1.001000e-01 5.543333e-02
1.001000e-01 5.555000e-02
1.001000e-01 5.566667e-02
1.001000e-01 5.578333e-02
1.001000e-01 5.590000e-02
1.001000e-01 5.601667e-02
1.001000e-01 5.613333e-02
1.001000e-01 5.625000e-02
1.001000e-01 5.636667e-02
1.001000e-01 5.648333e-02
1.001000e-01 5.660000e-02
1.001000e-01 5.671667e-02
1.001000e-01 5.683333e-02
1.001000e-01 5.695000e-02
1.001000e-01 5.706667e-02
1.001000e-01 5.718333e-02
1.001000e-01 5.730000e-02
1.001000e-01 5.741667e-02
1.001000e-01 5.753333e-02
1.001000e-01 5.765000e-02
1.001000e-01 5.776667e-02
1.001000e-01 5.788333e-02
1.001000e-01 5.800000e-02
1.001000e-01 5.811667e-02
1.001000e-01 5.823333e-02
1.001000e-01 5.835000e-02
1.001000e-01 5.846667e-02
1.001000e-01 5.858333e-02
1.001000e-01 5.870000e-02
1.001000e-01 5.881667e-02
1.001000e-01 5.893333e-02
1.001000e-01 5.905000e-02
1.001000e-01 5.916667e-02
1.001000e-01 5.928333e-02
1.001000e-01 5.940000e-02
1.001000e-01 5.951667e-02
1.001000e-01 5.963333e-02
1.001000e-01 5.975000e-02
1.001000e-01 5.986667e-02
1.001000e-01 5.998333e-02
1.001000e-01 6.010000e-02
1.001000e-01 6.021667e-02
1.001000e-01 6.033333e-02
1.001000e-01 6.045000e-02
1.001000e-01 6.056667e-02
1.001000e-01 6.068333e-02
1.001000e-01 6.080000e-02
1.001000e-01 6.091667e-02
1.001000e-01 6.103333e-02
1.001000e-01 6.115000e-02
1.001000e-01 6.126667e-02
1.001000e-01 6.138333e-02
1.001000e-01 6.150000e-02
1.001000e-01 6.161667e-02
1.001000e-01 6.173333e-02
1.001000e-01 6.185000e-02
1.001000e-01 6.196667e-02
1.001000e-01 6.208333e-02
1.001000e-01 6.220000e-02
1.001000e-01 6.231667e-02
1.001000e-01 6.243333e-02
1.001000e-01 6.255000e-02
1.001000e-01 6.266667e-02
1.001000e-01 6.278333e-02
1.001000e-01 6.290000e-02
1.001000e-01 6.301667e-02
1.001000e-01 6.313333e-02
1.001000e-01 6.325000e-02
1.001000e-01 6.336667e-02
1.001000e-01 6.348333e-02
1.001000e-01 6.360000e-02
1.001000e-01 6.371667e-02
1.001000e-01 6.383333e-02
1.001000e-01 6.395000e-02
1.001000e-01 6.406667e-02
1.001000e-01 6.418333e-02
1.001000e-01 6.430000e-02
1.001000e-01 6.441667e-02
1.001000e-01 6.453333e-02
1.001000e-01 6.465000e-02
1.001000e-01 6.476667e-02
1.001000e-01 6.488333e-02
1.001000e-01 6.500000e-02
1.001000e-01 6.511667e-02
1.001000e-01 6.523333e-02
1.001000e-01 6.535000e-02
1.001000e-01 6.546667e-02
1.001000e-01 6.558333e-02
1.001000e-01 6.570000e-02
1.001000e-01 6.581667e-02
1.001000e-01 6.593333e-02
1.001000e-01 6.605000e-02
1.001000e-01 6.616667e-02
1.001000e-01 6.628333e-02
1.001000e-01 6.640000e-02
1.001000e-01 6.651667e-02
1.001000e-01 6.663333e-02
1.001000e-01 6.675000e-02
1.001000e-01 6.686667e-02
1.001000e-01 6.698333e-02
1.001000e-01 6.710000e-02
1.001000e-01 6.721667e-02
1.001000e-01 6.733333e-02
1.001000e-01 6.745000e-02
1.001000e-01 6.756667e-02
1.001000e-01 6.768333e-02
1.001000e-01 6.780000e-02
1.001000e-01 6.791667e-02
1.001000e-01 6.803333e-02
1.001000e-01 6.815000e-02
1.001000e-01 6.826667e-02
1.001000e-01 6.838333e-02
1.001000e-01 6.850000e-02
1.001000e-01 6.861667e-02
1.001000e-01 6.873333e-02
1.001000e-01 6.885000e-02
1.001000e-01 6.896667e-02
1.001000e-01 6.908333e-02
1.001000e-01 6.920000e-02
1.001000e-01 6.931667e-02
1.001000e-01 6.943333e-02
1.001000e-01 6.955000e-02
1.001000e-01 6.966667e-02
1.001000e-01 6.978333e-02
1.001000e-01 6.990000e-02
1.001000e-01 7.001667e-02
1.001000e-01 7.013333e-02
1.001000e-01 7.025000e-02
1.001000e-01 7.036667e-02
1.001000e-01 7.048333e-02
1.001000e-01 7.060000e-02
1.001000e-01 7.071667e-02
1.001000e-01 7.083333e-02
1.001000e-01 7.095000e-02
1.001000e-01 7.106667e-02
1.001000e-01 7.118333e-02
1.001000e-01 7.130000e-02
1.001000e-01 7.141667e-02
1.001000e-01 7.153333e-02
1.001000e-01 7.165000e-02
1.001000e-01 7.176667e-02
1.001000e-01 7.188333e-02
1.001000e-01 7.200000e-02
1.001000e-01 7.211667e-02
1.001000e-01 7.223333e-02
1.001000e-01 7.235000e-02
1.001000e-01 7.246667e-02
1.001000e-01 7.258333e-02
1.001000e-01 7.270000e-02
1.001000e-01 7.281667e-02
1.001000e-01 7.293333e-02
1.001000e-01 7.305000e-02
1.001000e-01 7.316667e-02
1.001000e-01 7.328333e-02
1.001000e-01 7.340000e-02
1.001000e-01 7.351667e-02
1.001000e-01 7.363333e-02
1.001000e-01 7.375000e-02
1.001000e-01 7.386667e-02
1.001000e-01 7.398333e-02
1.001000e-01 7.410000e-02
1.001000e-01 7.421667e-02
1.001000e-01 7.433333e-02
1.001000e-01 7.445000e-02
1.001000e-01 7.456667e-02
1.001000e-01 7.468333e-02
1.001000e-01 7.480000e-02
1.001000e-01 7.491667e-02
1.001000e-01 7.503333e-02
1.001000e-01 7.515000e-02
1.001000e-01 7.526667e-02
1.001000e-01 7.538333e-02
1.001000e-01 7.550000e-02
1.001000e-01 7.561667e-02
1.001000e-01 7.573333e-02
1.001000e-01 7.585000e-02
1.001000e-01 7.596667e-02
1.001000e-01 7.608333e-02
1.001000e-01 7.620000e-02
1.001000e-01 7.631667e-02
1.001000e-01 7.643333e-02
1.001000e-01 7.655000e-02
1.001000e-01 7.666667e-02
1.001000e-01 7.678333e-02
1.001000e-01 7.690000e-02
1.001000e-01 7.701667e-02
1.001000e-01 7.713333e-02
1.001000e-01 7.725000e-02
1.001000e-01 7.736667e-02
1.001000e-01 7.748333e-02
1.001000e-01 7.760000e-02
1.001000e-01 7.771667e-02
1.001000e-01 7.783333e-02
1.001000e-01 7.795000e-02
1.001000e-01 7.806667e-02
1.001000e-01 7.818333e-02
1.001000e-01 7.830000e-02
1.001000e-01 7.841667e-02
1.001000e-01 7.853333e-02
1.001000e-01 7.865000e-02
1.001000e-01 7.876667e-02
1.001000e-01 7.888333e-02
1.001000e-01 7.900000e-02
1.001000e-01 7.911667e-02
1.001000e-01 7.923333e-02
1.001000e-01 7.935000e-02
1.001000e-01 7.946667e-02
1.001000e-01 7.958333e-02
1.001000e-01 7.970000e-02
1.001000e-01 7.981667e-02
1.001000e-01 7.993333e-02
1.001000e-01 8.005000e-02
1.001000e-01 8.016667e-02
1.001000e-01 8.028333e-02
1.001000e-01 8.040000e-02
1.001000e-01 8.051667e-02
1.001000e-01 8.063333e-02
1.001000e-01 8.075000e-02
1.001000e-01 8.086667e-02
1.001000e-01 8.098333e-02
1.001000e-01 8.110000e-02
1.001000e-01 8.121667e-02
1.001000e-01 8.133333e-02
1.001000e-01 8.145000e-02
1.001000e-01 8.156667e-02
1.001000e-01 8.168333e-02
1.001000e-01 8.180000e-02
1.001000e-01 8.191667e-02
1.001000e-01 8.203333e-02
1.001000e-01 8.215000e-02
1.001000e-01 8.226667e-02
1.001000e-01 8.238333e-02
1.001000e-01 8.250000e-02
1.001000e-01 8.261667e-02
1.001000e-01 8.273333e-02
1.001000e-01 8.285000e-02
1.001000e-01 8.296667e-02
1.001000e-01 8.308333e-02
1.001000e-01 8.320000e-02
1.001000e-01 8.331667e-02
1.001000e-01 8.343333e-02
1.001000e-01 8.355000e-02
1.001000e-01 8.366667e-02
1.001000e-01 8.378333e-02
1.001000e-01 8.390000e-02
1.001000e-01 8.401667e-02
1.001000e-01 8.413333e-02
1.001000e-01 8.425000e-02
1.001000e-01 8.436667e-02
1.001000e-01 8.448333e-02
1.001000e-01 8.460000e-02
1.001000e-01 8.471667e-02
1.001000e-01 8.483333e-02
1.001000e-01 8.495000e-02
1.001000e-01 8.506667e-02
1.001000e-01 8.518333e-02
1.001000e-01 8.530000e-02
1.001000e-01 8.541667e-02
1.001000e-01 8.553333e-02
1.001000e-01 8.565000e-02
1.001000e-01 8.576667e-02
1.001000e-01 8.588333e-02
1.001000e-01 8.600000e-02
1.001000e-01 8.611667e-02
1.001000e-01 8.623333e-02
1.001000e-01 8.635000e-02
1.001000e-01 8.646667e-02
1.001000e-01 8.658333e-02
1.001000e-01 8.670000e-02
1.001000e-01 8.681667e-02
1.001000e-01 8.693333e-02
1.001000e-01 8.705000e-02
1.001000e-01 8.716667e-02
1.001000e-01 8.728333e-02
1.001000e-01 8.740000e-02
1.001000e-01 8.751667e-02
1.001000e-01 8.763333e-02
1.001000e-01 8.775000e-02
1.001000e-01 8.786667e-02
1.001000e-01 8.798333e-02
1.001000e-01 8.810000e-02
1.001000e-01 8.821667e-02
1.001000e-01 8.833333e-02
1.001000e-01 8.845000e-02
1.001000e-01 8.856667e-02
1.001000e-01 8.868333e-02
1.001000e-01 8.880000e-02
1.001000e-01 8.891667e-02
1.001000e-01 8.903333e-02
1.001000e-01 8.915000e-02
1.001000e-01 8.926667e-02
1.001000e-01 8.938333e-02
1.001000e-01 8.950000e-02
1.001000e-01 8.961667e-02
1.001000e-01 8.973333e-02
1.001000e-01 8.985000e-02
1.001000e-01 8.996667e-02
1.001000e-01 9.008333e-02
1.001000e-01 9.020000e-02
1.001000e-01 9.031667e-02
1.001000e-01 9.043333e-02
1.001000e-01 9.055000e-02
1.001000e-01 9.066667e-02
1.001000e-01 9.078333e-02
1.001000e-01 9.090000e-02
1.001000e-01 9.101667e-02
1.001000e-01 9.113333e-02
1.001000e-01 9.125000e-02
1.001000e-01 9.136667e-02
1.001000e-01 9.148333e-02
1.001000e-01 9.160000e-02
1.001000e-01 9.171667e-02
1.001000e-01 9.183333e-02
1.001000e-01 9.195000e-02
1.001000e-01 9.206667e-02
1.001000e-01 9.218333e-02
1.001000e-01 9.230000e-02
1.001000e-01 9.241667e-02
1.001000e-01 9.253333e-02
1.001000e-01 9.265000e-02
1.001000e-01 9.276667e-02
1.001000e-01 9.288333e-02
1.001000e-01 9.300000e-02
1.001000e-01 9.311667e-02
1.001000e-01 9.323333e-02
1.001000e-01 9.335000e-02
1.001000e-01 9.346667e-02
1.001000e-01 9.358333e-02
1.001000e-01 9.370000e-02
1.001000e-01 9.381667e-02
1.001000e-01 9.393333e-02
1.001000e-01 9.405000e-02
1.001000e-01 9.416667e-02
1.001000e-01 9.428333e-02
1.001000e-01 9.440000e-02
1.001000e-01 9.451667e-02
1.001000e-01 9.463333e-02
1.001000e-01 9.475000e-02
1.001000e-01 9.486667e-02
1.001000e-01 9.498333e-02
1.001000e-01 9.510000e-02
1.001000e-01 9.521667e-02
1.001000e-01 9.533333e-02
1.001000e-01 9.545000e-02
1.001000e-01 9.556667e-02
1.001000e-01 9.568333e-02
1.001000e-01 9.580000e-02
1.001000e-01 9.591667e-02
1.001000e-01 9.603333e-02
1.001000e-01 9.615000e-02
1.001000e-01 9.626667e-02
1.001000e-01 9.638333e-02
1.001000e-01 9.650000e-02
1.001000e-01 9.661667e-02
1.001000e-01 9.673333e-02
1.001000e-01 9.685000e-02
1.001000e-01 9.696667e-02
1.001000e-01 9.708333e-02
1.001000e-01 9.720000e-02
1.001000e-01 9.731667e-02
1.001000e-01 9.743333e-02
1.001000e-01 9.755000e-02
1.001000e-01 9.766667e-02
1.001000e-01 9.778333e-02
1.001000e-01 9.790000e-02
1.001000e-01 9.801667e-02
1.001000e-01 9.813333e-02
1.001000e-01 9.825000e-02
1.001000e-01 9.836667e-02
1.001000e-01 9.848333e-02
1.001000e-01 9.860000e-02
1.001000e-01 9.871667e-02
1.001000e-01 9.883333e-02
1.001000e-01 9.895000e-02
1.001000e-01 9.906667e-02
1.001000e-01 9.918333e-02
1.001000e-01 9.930000e-02
1.001000e-01 9.941667e-02
1.001000e-01 9.953333e-02
1.001000e-01 9.965000e-02
1.001000e-01 9.976667e-02
1.001000e-01 9.988333e-02
1.001000e-01 1.000000e-01
1.001000e-01 1.001167e-01
1.001000e-01 1.002333e-01
1.001000e-01 1.003500e-01
1.001000e-01 1.004667e-01
1.001000e-01 1.005833e-01
1.001000e-01 1.007000e-01
1.001000e-01 1.008167e-01
1.001000e-01 1.009333e-01
1.001000e-01 1.010500e-01
1.001000e-01 1.011667e-01
1.001000e-01 1.012833e-01
1.001000e-01 1.014000e-01
1.001000e-01 1.015167e-01
1.001000e-01 1.016333e-01
1.001000e-01 1.017500e-01
1.001000e-01 1.018667e-01
1.001000e-01 1.019833e-01
1.001000e-01 1.021000e-01
1.001000e-01 1.022167e-01
1.001000e-01 1.023333e-01
1.001000e-01 1.024500e-01
1.001000e-01 1.025667e-01
1.001000e-01 1.026833e-01
1.001000e-01 1.028000e-01
1.001000e-01 1.029167e-01
1.001000e-01 1.030333e-01
1.001000e-01 1.031500e-01
1.001000e-01 1.032667e-01
1.001000e-01 1.033833e-01
1.001000e-01 1.035000e-01
1.001000e-01 1.036167e-01
1.001000e-01 1.037333e-01
1.001000e-01 1.038500e-01
1.001000e-01 1.039667e-01
1.001000e-01 1.040833e-01
1.001000e-01 1.042000e-01
1.001000e-01 1.043167e-01
1.001000e-01 1.044333e-01
1.001000e-01 1.045500e-01
1.001000e-01 1.046667e-01
1.001000e-01 1.047833e-01
1.001000e-01 1.049000e-01
1.001000e-01 1.050167e-01
1.001000e-01 1.051333e-01
1.001000e-01 1.052500e-01
1.001000e-01 1.053667e-01
1.001000e-01 1.054833e-01
1.001000e-01 1.056000e-01
1.001000e-01 1.057167e-01
1.001000e-01 1.058333e-01
1.001000e-01 1.059500e-01
1.001000e-01 1.060667e-01
1.001000e-01 1.061833e-01
1.001000e-01 1.063000e-01
1.001000e-01 1.064167e-01
1.001000e-01 1.065333e-01
1.001000e-01 1.066500e-01
1.001000e-01 1.067667e-01
1.001000e-01 1.068833e-01
1.001000e-01 1.070000e-01
1.001000e-01 1.071167e-01
1.001000e-01 1.072333e-01
1.001000e-01 1.073500e-01
1.001000e-01 1.074667e-01
1.001000e-01 1.075833e-01
1.001000e-01 1.077000e-01
1.001000e-01 1.078167e-01
1.001000e-01 1.079333e-01
1.001000e-01 1.080500e-01
1.001000e-01 1.081667e-01
1.001000e-01 1.082833e-01
1.001000e-01 1.084000e-01
1.001000e-01 1.085167e-01
1.001000e-01 1.086333e-01
1.001000e-01 1.087500e-01
1.001000e-01 1.088667e-01
1.001000e-01 1.089833e-01
1.001000e-01 1.091000e-01
1.001000e-01 1.092167e-01
1.001000e-01 1.093333e-01
1.001000e-01 1.094500e-01
1.001000e-01 1.095667e-01
1.001000e-01 1.096833e-01
1.001000e-01 1.098000e-01
1.001000e-01 1.099167e-01
1.001000e-01 1.100333e-01
1.001000e-01 1.101500e-01
1.001000e-01 1.102667e-01
1.001000e-01 1.103833e-01
1.001000e-01 1.105000e-01
1.001000e-01 1.106167e-01
1.001000e-01 1.107333e-01
1.001000e-01 1.108500e-01
1.001000e-01 1.109667e-01
1.001000e-01 1.110833e-01
1.001000e-01 1.112000e-01
1.001000e-01 1.113167e-01
1.001000e-01 1.114333e-01
1.001000e-01 1.115500e-01
1.001000e-01 1.116667e-01
1.001000e-01 1.117833e-01
1.001000e-01 1.119000e-01
1.001000e-01 1.120167e-01
1.001000e-01 1.121333e-01
1.001000e-01 1.122500e-01
1.001000e-01 1.123667e-01
1.001000e-01 1.124833e-01
1.001000e-01 1.126000e-01
1.001000e-01 1.127167e-01
1.001000e-01 1.128333e-01
1.001000e-01 1.129500e-01
1.001000e-01 1.130667e-01
1.001000e-01 1.131833e-01
1.001000e-01 1.133000e-01
1.001000e-01 1.134167e-01
1.001000e-01 1.135333e-01
1.001000e-01 1.136500e-01
1.001000e-01 1.137667e-01
1.001000e-01 1.138833e-01
1.001000e-01 1.140000e-01
1.001000e-01 1.141167e-01
1.001000e-01 1.142333e-01
1.001000e-01 1.143500e-01
1.001000e-01 1.144667e-01
1.001000e-01 1.145833e-01
1.001000e-01 1.147000e-01
1.001000e-01 1.148167e-01
1.001000e-01 1.149333e-01
1.001000e-01 1.150500e-01
1.001000e-01 1.151667e-01
1.001000e-01 1.152833e-01
1.001000e-01 1.154000e-01
1.001000e-01 1.155167e-01
1.001000e-01 1.156333e-01
1.001000e-01 1.157500e-01
1.001000e-01 1.158667e-01
1.001000e-01 1.159833e-01
1.001000e-01 1.161000e-01
1.001000e-01 1.162167e-01
1.001000e-01 1.163333e-01
1.001000e-01 1.164500e-01
1.001000e-01 1.165667e-01
1.001000e-01 1.166833e-01
1.001000e-01 1.168000e-01
1.001000e-01 1.169167e-01
1.001000e-01 1.170333e-01
1.001000e-01 1.171500e-01
1.001000e-01 1.172667e-01
1.001000e-01 1.173833e-01
1.001000e-01 1.175000e-01
1.001000e-01 1.176167e-01
1.001000e-01 1.177333e-01
1.001000e-01 1.178500e-01
1.001000e-01 1.179667e-01
1.001000e-01 1.180833e-01
1.001000e-01 1.182000e-01
1.001000e-01 1.183167e-01
1.001000e-01 1.184333e-01
1.001000e-01 1.185500e-01
1.001000e-01 1.186667e-01
1.001000e-01 1.187833e-01
1.001000e-01 1.189000e-01
1.001000e-01 1.190167e-01
1.001000e-01 1.191333e-01
1.001000e-01 1.192500e-01
1.001000e-01 1.193667e-01
1.001000e-01 1.194833e-01
1.001000e-01 1.196000e-01
1.001000e-01 1.197167e-01
1.001000e-01 1.198333e-01
1.001000e-01 1.199500e-01
1.001000e-01 1.200667e-01
1.001000e-01 1.201833e-01
1.001000e-01 1.203000e-01
1.001000e-01 1.204167e-01
1.001000e-01 1.205333e-01
1.001000e-01 1.206500e-01
1.001000e-01 1.207667e-01
1.001000e-01 1.208833e-01
1.001000e-01 1.210000e-01
1.001000e-01 1.211167e-01
1.001000e-01 1.212333e-01
1.001000e-01 1.213500e-01
1.001000e-01 1.214667e-01
1.001000e-01 1.215833e-01
1.001000e-01 1.217000e-01
1.001000e-01 1.218167e-01
1.001000e-01 1.219333e-01
1.001000e-01 1.220500e-01
1.001000e-01 1.221667e-01
1.001000e-01 1.222833e-01
1.001000e-01 1.224000e-01
1.001000e-01 1.225167e-01
1.001000e-01 1.226333e-01
1.001000e-01 1.227500e-01
1.001000e-01 1.228667e-01
1.001000e-01 1.229833e-01
1.001000e-01 1.231000e-01
1.001000e-01 1.232167e-01
1.001000e-01 1.233333e-01
1.001000e-01 1.234500e-01
1.001000e-01 1.235667e-01
1.001000e-01 1.236833e-01
1.001000e-01 1.238000e-01
1.001000e-01 1.239167e-01
1.001000e-01 1.240333e-01
1.001000e-01 1.241500e-01
1.001000e-01 1.242667e-01
1.001000e-01 1.243833e-01
1.001000e-01 1.245000e-01
1.001000e-01 1.246167e-01
1.001000e-01 1.247333e-01
1.001000e-01 1.248500e-01
1.001000e-01 1.249667e-01
1.001000e-01 1.250833e-01
1.001000e-01 1.252000e-01
1.001000e-01 1.253167e-01
1.001000e-01 1.254333e-01
1.001000e-01 1.255500e-01
1.001000e-01 1.256667e-01
1.001000e-01 1.257833e-01
1.001000e-01 1.259000e-01
1.001000e-01 1.260167e-01
1.001000e-01 1.261333e-01
1.001000e-01 1.262500e-01
1.001000e-01 1.263667e-01
1.001000e-01 1.264833e-01
1.001000e-01 1.266000e-01
1.001000e-01 1.267167e-01
1.001000e-01 1.268333e-01
1.001000e-01 1.269500e-01
1.001000e-01 1.270667e-01
1.001000e-01 1.271833e-01
1.001000e-01 1.273000e-01
1.001000e-01 1.274167e-01
1.001000e-01 1.275333e-01
1.001000e-01 1.276500e-01
1.001000e-01 1.277667e-01
1.001000e-01 1.278833e-01
1.001000e-01 1.280000e-01
1.001000e-01 1.281167e-01
1.001000e-01 1.282333e-01
1.001000e-01 1.283500e-01
1.001000e-01 1.284667e-01
1.001000e-01 1.285833e-01
1.001000e-01 1.287000e-01
1.001000e-01 1.288167e-01
1.001000e-01 1.289333e-01
1.001000e-01 1.290500e-01
1.001000e-01 1.291667e-01
1.001000e-01 1.292833e-01
1.001000e-01 1.294000e-01
1.001000e-01 1.295167e-01
1.001000e-01 1.296333e-01
1.001000e-01 1.297500e-01
1.001000e-01 1.298667e-01
1.001000e-01 1.299833e-01
1.001000e-01 1.301000e-01
1.001000e-01 1.302167e-01
1.001000e-01 1.303333e-01
1.001000e-01 1.304500e-01
1.001000e-01 1.305667e-01
1.001000e-01 1.306833e-01
1.001000e-01 1.308000e-01
1.001000e-01 1.309167e-01
1.001000e-01 1.310333e-01
1.001000e-01 1.311500e-01
1.001000e-01 1.312667e-01
1.001000e-01 1.313833e-01
1.001000e-01 1.315000e-01
1.001000e-01 1.316167e-01
1.001000e-01 1.317333e-01
1.001000e-01 1.318500e-01
1.001000e-01 1.319667e-01
1.001000e-01 1.320833e-01
1.001000e-01 1.322000e-01
1.001000e-01 1.323167e-01
1.001000e-01 1.324333e-01
1.001000e-01 1.325500e-01
1.001000e-01 1.326667e-01
1.001000e-01 1.327833e-01
1.001000e-01 1.329000e-01
1.001000e-01 1.330167e-01
1.001000e-01 1.331333e-01
1.001000e-01 1.332500e-01
1.001000e-01 1.333667e-01
1.001000e-01 1.334833e-01
1.001000e-01 1.336000e-01
1.001000e-01 1.337167e-01
1.001000e-01 1.338333e-01
1.001000e-01 1.339500e-01
1.001000e-01 1.340667e-01
1.001000e-01 1.341833e-01
1.001000e-01 1.343000e-01
1.001000e-01 1.344167e-01
1.001000e-01 1.345333e-01
1.001000e-01 1.346500e-01
1.001000e-01 1.347667e-01
1.001000e-01 1.348833e-01
1.001000e-01 1.350000e-01
1.001000e-01 1.351167e-01
1.001000e-01 1.352333e-01
1.001000e-01 1.353500e-01
1.001000e-01 1.354667e-01
1.001000e-01 1.355833e-01
1.001000e-01 1.357000e-01
1.001000e-01 1.358167e-01
1.001000e-01 1.359333e-01
1.001000e-01 1.360500e-01
1.001000e-01 1.361667e-01
1.001000e-01 1.362833e-01
1.001000e-01 1.364000e-01
1.001000e-01 1.365167e-01
1.001000e-01 1.366333e-01
1.001000e-01 1.367500e-01
1.001000e-01 1.368667e-01
1.001000e-01 1.369833e-01
1.001000e-01 1.371000e-01
1.001000e-01 1.372167e-01
1.001000e-01 1.373333e-01
1.001000e-01 1.374500e-01
1.001000e-01 1.375667e-01
1.001000e-01 1.376833e-01
1.001000e-01 1.378000e-01
1.001000e-01 1.379167e-01
1.001000e-01 1.380333e-01
1.001000e-01 1.381500e-01
1.001000e-01 1.382667e-01
1.001000e-01 1.383833e-01
1.001000e-01 1.385000e-01
1.001000e-01 1.386167e-01
1.001000e-01 1.387333e-01
1.001000e-01 1.388500e-01
1.001000e-01 1.389667e-01
1.001000e-01 1.390833e-01
1.001000e-01 1.392000e-01
1.001000e-01 1.393167e-01
1.001000e-01 1.394333e-01
1.001000e-01 1.395500e-01
1.001000e-01 1.396667e-01
1.001000e-01 1.397833e-01
1.001000e-01 1.399000e-01
1.001000e-01 1.400167e-01
1.001000e-01 1.401333e-01
1.001000e-01 1.402500e-01
1.001000e-01 1.403667e-01
1.001000e-01 1.404833e-01
1.001000e-01 1.406000e-01
1.001000e-01 1.407167e-01
1.001000e-01 1.408333e-01
1.001000e-01 1.409500e-01
1.001000e-01 1.410667e-01
1.001000e-01 1.411833e-01
1.001000e-01 1.413000e-01
1.001000e-01 1.414167e-01
1.001000e-01 1.415333e-01
1.001000e-01 1.416500e-01
1.001000e-01 1.417667e-01
1.001000e-01 1.418833e-01
1.001000e-01 1.420000e-01
1.001000e-01 1.421167e-01
1.001000e-01 1.422333e-01
1.001000e-01 1.423500e-01
1.001000e-01 1.424667e-01
1.001000e-01 1.425833e-01
1.001000e-01 1.427000e-01
1.001000e-01 1.428167e-01
1.001000e-01 1.429333e-01
1.001000e-01 1.430500e-01
1.001000e-01 1.431667e-01
1.001000e-01 1.432833e-01
1.001000e-01 1.434000e-01
1.001000e-01 1.435167e-01
1.001000e-01 1.436333e-01
1.001000e-01 1.437500e-01
1.001000e-01 1.438667e-01
1.001000e-01 1.439833e-01
1.001000e-01 1.441000e-01
1.001000e-01 1.442167e-01
1.001000e-01 1.443333e-01
1.001000e-01 1.444500e-01
1.001000e-01 1.445667e-01
1.001000e-01 1.446833e-01
1.001000e-01 1.448000e-01
1.001000e-01 1.449167e-01
1.001000e-01 1.450333e-01
1.001000e-01 1.451500e-01
1.001000e-01 1.452667e-01
1.001000e-01 1.453833e-01
1.001000e-01 1.455000e-01
1.001000e-01 1.456167e-01
1.001000e-01 1.457333e-01
1.001000e-01 1.458500e-01
1.001000e-01 1.459667e-01
1.001000e-01 1.460833e-01
1.001000e-01 1.462000e-01
1.001000e-01 1.463167e-01
1.001000e-01 1.464333e-01
1.001000e-01 1.465500e-01
1.001000e-01 1.466667e-01
1.001000e-01 1.467833e-01
1.001000e-01 1.469000e-01
1.001000e-01 1.470167e-01
1.001000e-01 1.471333e-01
1.001000e-01 1.472500e-01
1.001000e-01 1.473667e-01
1.001000e-01 1.474833e-01
1.001000e-01 1.476000e-01
1.001000e-01 1.477167e-01
1.001000e-01 1.478333e-01
1.001000e-01 1.479500e-01
1.001000e-01 1.480667e-01
1.001000e-01 1.481833e-01
1.001000e-01 1.483000e-01
1.001000e-01 1.484167e-01
1.001000e-01 1.485333e-01
1.001000e-01 1.486500e-01
1.001000e-01 1.487667e-01
1.001000e-01 1.488833e-01
1.001000e-01 1.490000e-01
1.001000e-01 1.491167e-01
1.001000e-01 1.492333e-01
1.001000e-01 1.493500e-01
1.001000e-01 1.494667e-01
1.001000e-01 1.495833e-01
1.001000e-01 1.497000e-01
1.001000e-01 1.498167e-01
1.001000e-01 1.499333e-01
1.001000e-01 1.500500e-01
1.001000e-01 1.501667e-01
1.001000e-01 1.502833e-01
1.001000e-01 1.504000e-01
1.001000e-01 1.505167e-01
1.001000e-01 1.506333e-01
1.001000e-01 1.507500e-01
1.001000e-01 1.508667e-01
1.001000e-01 1.509833e-01
1.001000e-01 1.511000e-01
1.001000e-01 1.512167e-01
1.001000e-01 1.513333e-01
1.001000e-01 1.514500e-01
1.001000e-01 1.515667e-01
1.001000e-01 1.516833e-01
1.001000e-01 1.518000e-01
1.001000e-01 1.519167e-01
1.001000e-01 1.520333e-01
1.001000e-01 1.521500e-01
1.001000e-01 1.522667e-01
1.001000e-01 1.523833e-01
1.001000e-01 1.525000e-01
1.001000e-01 1.526167e-01
1.001000e-01 1.527333e-01
1.001000e-01 1.528500e-01
1.001000e-01 1.529667e-01
1.001000e-01 1.530833e-01
1.001000e-01 1.532000e-01
1.001000e-01 1.533167e-01
1.001000e-01 1.534333e-01
1.001000e-01 1.535500e-01
1.001000e-01 1.536667e-01
1.001000e-01 1.537833e-01
1.001000e-01 1.539000e-01
1.001000e-01 1.540167e-01
1.001000e-01 1.541333e-01
1.001000e-01 1.542500e-01
1.001000e-01 1.543667e-01
1.001000e-01 1.544833e-01
1.001000e-01 1.546000e-01
1.001000e-01 1.547167e-01
1.001000e-01 1.548333e-01
1.001000e-01 1.549500e-01
1.001000e-01 1.550667e-01
1.001000e-01 1.551833e-01
1.001000e-01 1.553000e-01
1.001000e-01 1.554167e-01
1.001000e-01 1.555333e-01
1.001000e-01 1.556500e-01
1.001000e-01 1.557667e-01
1.001000e-01 1.558833e-01
1.001000e-01 1.560000e-01
1.001000e-01 1.561167e-01
1.001000e-01 1.562333e-01
1.001000e-01 1.563500e-01
1.001000e-01 1.564667e-01
1.001000e-01 1.565833e-01
1.001000e-01 1.567000e-01
1.001000e-01 1.568167e-01
1.001000e-01 1.569333e-01
1.001000e-01 1.570500e-01
1.001000e-01 1.571667e-01
1.001000e-01 1.572833e-01
1.001000e-01 1.574000e-01
1.001000e-01 1.575167e-01
1.001000e-01 1.576333e-01
1.001000e-01 1.577500e-01
1.001000e-01 1.578667e-01
1.001000e-01 1.579833e-01
1.001000e-01 1.581000e-01
1.001000e-01 1.582167e-01
1.001000e-01 1.583333e-01
1.001000e-01 1.584500e-01
1.001000e-01 1.585667e-01
1.001000e-01 1.586833e-01
1.001000e-01 1.588000e-01
1.001000e-01 1.589167e-01
1.001000e-01 1.590333e-01
1.001000e-01 1.591500e-01
1.001000e-01 1.592667e-01
1.001000e-01 1.593833e-01
1.001000e-01 1.595000e-01
1.001000e-01 1.596167e-01
1.001000e-01 1.597333e-01
1.001000e-01 1.598500e-01
1.001000e-01 1.599667e-01
1.001000e-01 1.600833e-01
1.001000e-01 1.602000e-01
1.001000e-01 1.603167e-01
1.001000e-01 1.604333e-01
1.001000e-01 1.605500e-01
1.001000e-01 1.606667e-01
1.001000e-01 1.607833e-01
1.001000e-01 1.609000e-01
1.001000e-01 1.610167e-01
1.001000e-01 1.611333e-01
1.001000e-01 1.612500e-01
1.001000e-01 1.613667e-01
1.001000e-01 1.614833e-01
1.001000e-01 1.616000e-01
1.001000e-01 1.617167e-01
1.001000e-01 1.618333e-01
1.001000e-01 1.619500e-01
1.001000e-01 1.620667e-01
1.001000e-01 1.621833e-01
1.001000e-01 1.623000e-01
1.001000e-01 1.624167e-01
1.001000e-01 1.625333e-01
1.001000e-01 1.626500e-01
1.001000e-01 1.627667e-01
1.001000e-01 1.628833e-01
1.001000e-01 1.630000e-01
1.001000e-01 1.631167e-01
1.001000e-01 1.632333e-01
1.001000e-01 1.633500e-01
1.001000e-01 1.634667e-01
1.001000e-01 1.635833e-01
1.001000e-01 1.637000e-01
1.001000e-01 1.638167e-01
1.001000e-01 1.639333e-01
1.001000e-01 1.640500e-01
1.001000e-01 1.641667e-01
1.001000e-01 1.642833e-01
1.001000e-01 1.644000e-01
1.001000e-01 1.645167e-01
1.001000e-01 1.646333e-01
1.001000e-01 1.647500e-01
1.001000e-01 1.648667e-01
1.001000e-01 1.649833e-01
1.001000e-01 1.651000e-01
1.001000e-01 1.652167e-01
1.001000e-01 1.653333e-01
1.001000e-01 1.654500e-01
1.001000e-01 1.655667e-01
1.001000e-01 1.656833e-01
1.001000e-01 1.658000e-01
1.001000e-01 1.659167e-01
1.001000e-01 1.660333e-01
1.001000e-01 1.661500e-01
1.001000e-01 1.662667e-01
1.001000e-01 1.663833e-01
1.001000e-01 1.665000e-01
1.001000e-01 1.666167e-01
1.001000e-01 1.667333e-01
1.001000e-01 1.668500e-01
1.001000e-01 1.669667e-01
1.001000e-01 1.670833e-01
1.001000e-01 1.672000e-01
1.001000e-01 1.673167e-01
1.001000e-01 1.674333e-01
1.001000e-01 1.675500e-01
1.001000e-01 1.676667e-01
1.001000e-01 1.677833e-01
1.001000e-01 1.679000e-01
1.001000e-01 1.680167e-01
1.001000e-01 1.681333e-01
1.001000e-01 1.682500e-01
1.001000e-01 1.683667e-01
1.001000e-01 1.684833e-01
1.001000e-01 1.686000e-01
1.001000e-01 1.687167e-01
1.001000e-01 1.688333e-01
1.001000e-01 1.689500e-01
1.001000e-01 1.690667e-01
1.001000e-01 1.691833e-01
1.001000e-01 1.693000e-01
1.001000e-01 1.694167e-01
1.001000e-01 1.695333e-01
1.001000e-01 1.696500e-01
1.001000e-01 1.697667e-01
1.001000e-01 1.698833e-01
1.001000e-01 1.700000e-01

