2.197393e+01 9.071688e+01 -1.002291e+04
2.389176e+01 8.869633e+01 -1.002627e+04
2.607912e+01 8.665715e+01 -1.002927e+04
2.856295e+01 8.460328e+01 -1.003190e+04
3.137247e+01 8.253846e+01 -1.003413e+04
3.453934e+01 8.046620e+01 -1.003595e+04
3.809801e+01 7.838979e+01 -1.003735e+04
4.208601e+01 7.631232e+01 -1.003829e+04
4.654427e+01 7.423671e+01 -1.003875e+04
5.151759e+01 7.216566e+01 -1.003870e+04
5.705503e+01 7.010174e+01 -1.003809e+04
6.321046e+01 6.804733e+01 -1.003688e+04
7.004306e+01 6.600469e+01 -1.003501e+04
7.761798e+01 6.397594e+01 -1.003243e+04
8.600700e+01 6.196311e+01 -1.002905e+04
9.528920e+01 5.996811e+01 -1.002479e+04
1.055518e+02 5.799282e+01 -1.001953e+04
1.168907e+02 5.603906e+01 -1.001314e+04
1.294115e+02 5.410864e+01 -1.000546e+04
1.432298e+02 5.220342e+01 -9.996305e+03
1.584715e+02 5.032533e+01 -9.985427e+03
1.752728e+02 4.847643e+01 -9.972533e+03
1.937788e+02 4.665899e+01 -9.957258e+03
2.141417e+02 4.487557e+01 -9.939139e+03
2.365151e+02 4.312915e+01 -9.917593e+03
2.610465e+02 4.142322e+01 -9.891873e+03
2.878623e+02 3.976203e+01 -9.861011e+03
3.170435e+02 3.815076e+01 -9.823741e+03
3.485858e+02 3.659584e+01 -9.778380e+03
3.823324e+02 3.510534e+01 -9.722667e+03
4.178638e+02 3.368943e+01 -9.653506e+03
4.543123e+02 3.236098e+01 -9.566589e+03
4.900477e+02 3.113629e+01 -9.455807e+03
5.221366e+02 3.003582e+01 -9.312301e+03
5.453902e+02 2.908471e+01 -9.122917e+03
5.506491e+02 2.831251e+01 -8.867583e+03
5.215998e+02 2.775020e+01 -8.514718e+03
4.286536e+02 2.742014e+01 -8.012837e+03
2.166836e+02 2.730674e+01 -7.274514e+03
-2.147341e+02 2.727564e+01 -6.158050e+03
-2.219034e+02 2.451572e+01 -1.221577e+04
-2.228976e+02 2.176662e+01 -1.221691e+04
-2.237769e+02 1.902629e+01 -1.221791e+04
-2.245406e+02 1.629371e+01 -1.221877e+04
-2.251879e+02 1.356781e+01 -1.221950e+04
-2.257183e+02 1.084749e+01 -1.222010e+04
-2.261314e+02 8.131672e+00 -1.222056e+04
-2.264267e+02 5.419231e+00 -1.222089e+04
-2.266039e+02 2.709050e+00 -1.222109e+04
-2.266631e+02 -4.923807e-13 -1.222116e+04
-2.266039e+02 -2.709050e+00 -1.222109e+04
-2.264267e+02 -5.419231e+00 -1.222089e+04
-2.261314e+02 -8.131672e+00 -1.222056e+04
-2.257183e+02 -1.084749e+01 -1.222010e+04
-2.251879e+02 -1.356781e+01 -1.221950e+04
-2.245406e+02 -1.629371e+01 -1.221877e+04
-2.237769e+02 -1.902629e+01 -1.221791e+04
-2.228976e+02 -2.176662e+01 -1.221691e+04
-2.219034e+02 -2.451572e+01 -1.221577e+04
-2.147341e+02 -2.727564e+01 -6.158050e+03
2.166836e+02 -2.730674e+01 -7.274514e+03
4.286536e+02 -2.742014e+01 -8.012837e+03
5.215998e+02 -2.775020e+01 -8.514718e+03
5.506491e+02 -2.831251e+01 -8.867583e+03
5.453902e+02 -2.908471e+01 -9.122917e+03
5.221366e+02 -3.003582e+01 -9.312301e+03
4.900477e+02 -3.113629e+01 -9.455807e+03
4.543123e+02 -3.236098e+01 -9.566589e+03
4.178638e+02 -3.368943e+01 -9.653506e+03
3.823324e+02 -3.510534e+01 -9.722667e+03
3.485858e+02 -3.659584e+01 -9.778380e+03
3.170435e+02 -3.815076e+01 -9.823741e+03
2.878623e+02 -3.976203e+01 -9.861011e+03
2.610465e+02 -4.142322e+01 -9.891873e+03
2.365151e+02 -4.312915e+01 -9.917593e+03
2.141417e+02 -4.487557e+01 -9.939139e+03
1.937788e+02 -4.665899e+01 -9.957258e+03
1.752728e+02 -4.847643e+01 -9.972533e+03
1.584715e+02 -5.032533e+01 -9.985427e+03
1.432298e+02 -5.220342e+01 -9.996305e+03
1.294115e+02 -5.410864e+01 -1.000546e+04
1.168907e+02 -5.603906e+01 -1.001314e+04
1.055518e+02 -5.799282e+01 -1.001953e+04
9.528920e+01 -5.996811e+01 -1.002479e+04
8.600700e+01 -6.196311e+01 -1.002905e+04
7.761798e+01 -6.397594e+01 -1.003243e+04
7.004306e+01 -6.600469e+01 -1.003501e+04
6.321046e+01 -6.804733e+01 -1.003688e+04
5.705503e+01 -7.010174e+01 -1.003809e+04
5.151759e+01 -7.216566e+01 -1.003870e+04
4.654427e+01 -7.423671e+01 -1.003875e+04
4.208601e+01 -7.631232e+01 -1.003829e+04
3.809801e+01 -7.838979e+01 -1.003735e+04
3.453934e+01 -8.046620e+01 -1.003595e+04
3.137247e+01 -8.253846e+01 -1.003413e+04
2.856295e+01 -8.460328e+01 -1.003190e+04
2.607912e+01 -8.665715e+01 -1.002927e+04
2.389176e+01 -8.869633e+01 -1.002627e+04
2.197393e+01 -9.071688e+01 -1.002291e+04
