-0.0501568
-0.0530543
-0.0559628
-0.0588859
-0.0618281
-0.064796
-0.0677989
-0.0708502
-0.0739709
-0.0771938
-0.0805749
-0.0842171
-0.0883334
-0.0934588
-0.101557
-0.102418
-0.103312
-0.10424
-0.105205
-0.106211
-0.107258
-0.108353
-0.109499
-0.110704
-0.111976
-0.113325
-0.114764
-0.116313
-0.117994
-0.126083
-0.131746
-0.136743
-0.141619
-0.146664
-0.148654
-0.14945
-0.150153
-0.150783
-0.151352
-0.15187
-0.152344
-0.152777
-0.153174
-0.153537
-0.155088
-0.159904
-0.164218
-0.168156
-0.171809
-0.175241
