-2.982572e+03 -8.579743e-12 -7.532409e-05 -2.982572e+03 -7.532413e-05 -1.064797e+04
-2.879205e+03 -8.690629e-12 -7.594512e-05 -2.879205e+03 -7.594515e-05 -1.081371e+04
-2.804881e+03 -8.865599e-12 -7.665563e-05 -2.804881e+03 -7.665566e-05 -1.099532e+04
-2.752912e+03 -8.194061e-12 -7.755690e-05 -2.752912e+03 -7.755693e-05 -1.121806e+04
-2.730927e+03 -8.108376e-12 -7.890346e-05 -2.730927e+03 -7.890348e-05 -1.148324e+04
-2.756353e+03 -7.016589e-12 -8.116156e-05 -2.756353e+03 -8.116158e-05 -1.178638e+04
-2.863842e+03 -6.227708e-12 -8.521582e-05 -2.863842e+03 -8.521584e-05 -1.210828e+04
-3.122838e+03 -5.084623e-12 -9.282709e-05 -3.122838e+03 -9.282711e-05 -1.239204e+04
-3.661743e+03 -4.042139e-12 -1.072709e-04 -3.661743e+03 -1.072709e-04 -1.248886e+04
-3.177647e+03 -7.201169e-12 -1.076893e-04 -3.177647e+03 -1.076893e-04 -1.248710e+04
-3.110430e+03 -6.611847e-12 -1.081110e-04 -3.110430e+03 -1.081110e-04 -1.249154e+04
-3.043764e+03 -5.755005e-12 -1.084750e-04 -3.043764e+03 -1.084750e-04 -1.249843e+04
-2.978740e+03 -5.117061e-12 -1.087733e-04 -2.978740e+03 -1.087733e-04 -1.250752e+04
-2.915124e+03 -4.411189e-12 -1.090066e-04 -2.915124e+03 -1.090066e-04 -1.251862e+04
-2.852731e+03 -3.802869e-12 -1.091756e-04 -2.852731e+03 -1.091756e-04 -1.253158e+04
-2.791415e+03 -3.282831e-12 -1.092806e-04 -2.791415e+03 -1.092806e-04 -1.254624e+04
-2.731062e+03 -2.524336e-12 -1.093220e-04 -2.731062e+03 -1.093220e-04 -1.256249e+04
-2.671578e+03 -2.401214e-12 -1.093002e-04 -2.671578e+03 -1.093002e-04 -1.258024e+04
-2.612887e+03 -1.683283e-12 -1.092153e-04 -2.612887e+03 -1.092153e-04 -1.259945e+04
-2.554919e+03 -1.489261e-12 -1.090677e-04 -2.554919e+03 -1.090677e-04 -1.262011e+04
-2.497610e+03 -9.734373e-13 -1.088574e-04 -2.497610e+03 -1.088574e-04 -1.264229e+04
-2.440883e+03 -7.048330e-13 -1.085843e-04 -2.440883e+03 -1.085843e-04 -1.266622e+04
-2.384638e+03 -4.745108e-13 -1.082478e-04 -2.384638e+03 -1.082478e-04 -1.269233e+04
-2.328714e+03 -2.681333e-13 -1.078463e-04 -2.328714e+03 -1.078463e-04 -1.272151e+04
-2.272816e+03 -1.564229e-14 -1.073760e-04 -2.272816e+03 -1.073760e-04 -1.275564e+04
-2.216344e+03 6.474927e-14 -1.068279e-04 -2.216344e+03 -1.068279e-04 -1.279877e+04
-2.157924e+03 2.794666e-13 -1.061798e-04 -2.157924e+03 -1.061798e-04 -1.286078e+04
-2.094011e+03 6.808686e-13 -1.053721e-04 -2.094011e+03 -1.053721e-04 -1.296937e+04
-2.014443e+03 8.324853e-13 -1.042276e-04 -2.014443e+03 -1.042276e-04 -1.322081e+04
-1.904177e+03 1.131440e-12 -1.024245e-04 -1.904177e+03 -1.024245e-04 -1.403863e+04
-3.025575e+03 8.028240e-13 -1.019885e-04 -3.025575e+03 -1.019885e-04 -1.410834e+04
-4.074347e+03 4.327003e-13 -1.174302e-04 -4.074347e+03 -1.174301e-04 -1.702296e+04
-2.922948e+03 1.299603e-12 -1.211320e-04 -2.922948e+03 -1.211320e-04 -1.697301e+04
-2.306794e+03 1.245208e-12 -1.105270e-04 -2.306794e+03 -1.105270e-04 -1.660916e+04
-1.945616e+03 1.222150e-12 -1.041146e-04 -1.945616e+03 -1.041146e-04 -1.617415e+04
-3.403372e+03 7.654142e-13 -1.003768e-04 -3.403372e+03 -1.003768e-04 -1.620836e+04
-1.463462e+03 1.093638e-12 -7.254196e-05 -1.463462e+03 -7.254195e-05 -1.317459e+04
-1.428156e+03 1.259947e-12 -7.158370e-05 -1.428156e+03 -7.158369e-05 -1.210067e+04
-1.392172e+03 1.171554e-12 -7.054621e-05 -1.392172e+03 -7.054621e-05 -1.164562e+04
-1.356832e+03 1.451154e-12 -6.954545e-05 -1.356832e+03 -6.954544e-05 -1.136725e+04
-1.324773e+03 1.456383e-12 -6.861714e-05 -1.324773e+03 -6.861713e-05 -1.116710e+04
-1.295448e+03 1.530260e-12 -6.774099e-05 -1.295448e+03 -6.774099e-05 -1.101300e+04
-1.267907e+03 1.532739e-12 -6.689310e-05 -1.267907e+03 -6.689309e-05 -1.089062e+04
-1.241411e+03 1.502063e-12 -6.605577e-05 -1.241411e+03 -6.605576e-05 -1.079190e+04
-1.215476e+03 1.837897e-12 -6.521762e-05 -1.215476e+03 -6.521761e-05 -1.071158e+04
-1.189812e+03 1.716009e-12 -6.437191e-05 -1.189812e+03 -6.437191e-05 -1.064590e+04
-1.164258e+03 1.841242e-12 -6.351507e-05 -1.164258e+03 -6.351507e-05 -1.059206e+04
-1.138739e+03 2.052002e-12 -6.264558e-05 -1.138739e+03 -6.264557e-05 -1.054787e+04
-1.113229e+03 1.877981e-12 -6.176321e-05 -1.113229e+03 -6.176320e-05 -1.051161e+04
-1.087731e+03 2.226426e-12 -6.086857e-05 -1.087731e+03 -6.086857e-05 -1.048189e+04
-1.062266e+03 2.153943e-12 -5.996275e-05 -1.062266e+03 -5.996274e-05 -1.045761e+04
-1.036866e+03 2.133391e-12 -5.904712e-05 -1.036866e+03 -5.904711e-05 -1.043784e+04
-1.011564e+03 2.311662e-12 -5.812320e-05 -1.011564e+03 -5.812319e-05 -1.042185e+04
-9.863934e+02 2.458891e-12 -5.719255e-05 -9.863934e+02 -5.719254e-05 -1.040901e+04
-9.613885e+02 2.517520e-12 -5.625675e-05 -9.613885e+02 -5.625674e-05 -1.039880e+04
-9.365803e+02 2.544061e-12 -5.531734e-05 -9.365803e+02 -5.531734e-05 -1.039080e+04
-9.119974e+02 2.490166e-12 -5.437581e-05 -9.119974e+02 -5.437580e-05 -1.038466e+04
-8.876657e+02 2.641443e-12 -5.343356e-05 -8.876657e+02 -5.343355e-05 -1.038006e+04
-8.636083e+02 2.693191e-12 -5.249193e-05 -8.636083e+02 -5.249193e-05 -1.037675e+04
-8.398457e+02 2.886386e-12 -5.155218e-05 -8.398457e+02 -5.155218e-05 -1.037451e+04
-8.163957e+02 2.892679e-12 -5.061550e-05 -8.163957e+02 -5.061549e-05 -1.037316e+04
-7.932741e+02 2.801832e-12 -4.968296e-05 -7.932741e+02 -4.968296e-05 -1.037255e+04
-7.704943e+02 2.966674e-12 -4.875560e-05 -7.704943e+02 -4.875560e-05 -1.037253e+04
-7.480679e+02 2.995074e-12 -4.783436e-05 -7.480679e+02 -4.783436e-05 -1.037299e+04
-7.260047e+02 3.013154e-12 -4.692012e-05 -7.260047e+02 -4.692011e-05 -1.037383e+04
-7.043129e+02 3.049612e-12 -4.601366e-05 -7.043129e+02 -4.601366e-05 -1.037497e+04
-6.829994e+02 3.075915e-12 -4.511575e-05 -6.829994e+02 -4.511574e-05 -1.037634e+04
-6.620696e+02 3.305227e-12 -4.422704e-05 -6.620696e+02 -4.422704e-05 -1.037786e+04
-6.415278e+02 3.176384e-12 -4.334816e-05 -6.415278e+02 -4.334815e-05 -1.037949e+04
-6.213774e+02 3.348082e-12 -4.247965e-05 -6.213774e+02 -4.247965e-05 -1.038118e+04
-6.016206e+02 3.369904e-12 -4.162204e-05 -6.016206e+02 -4.162203e-05 -1.038289e+04
-5.822589e+02 3.458952e-12 -4.077575e-05 -5.822589e+02 -4.077575e-05 -1.038458e+04
-5.632930e+02 3.284492e-12 -3.994121e-05 -5.632930e+02 -3.994121e-05 -1.038622e+04
-5.447228e+02 3.529033e-12 -3.911878e-05 -5.447228e+02 -3.911877e-05 -1.038780e+04
-5.265477e+02 3.565021e-12 -3.830875e-05 -5.265477e+02 -3.830875e-05 -1.038928e+04
-5.087665e+02 3.531511e-12 -3.751142e-05 -5.087665e+02 -3.751142e-05 -1.039065e+04
-4.913774e+02 3.596313e-12 -3.672701e-05 -4.913774e+02 -3.672701e-05 -1.039190e+04
-4.743781e+02 3.585623e-12 -3.595573e-05 -4.743781e+02 -3.595573e-05 -1.039301e+04
-4.577661e+02 3.508321e-12 -3.519774e-05 -4.577661e+02 -3.519774e-05 -1.039396e+04
-4.415382e+02 3.612431e-12 -3.445317e-05 -4.415382e+02 -3.445317e-05 -1.039476e+04
-4.256910e+02 3.792704e-12 -3.372214e-05 -4.256910e+02 -3.372214e-05 -1.039539e+04
-4.102209e+02 3.735724e-12 -3.300471e-05 -4.102209e+02 -3.300470e-05 -1.039585e+04
-3.951238e+02 3.777667e-12 -3.230093e-05 -3.951238e+02 -3.230093e-05 -1.039614e+04
-3.803955e+02 3.725464e-12 -3.161084e-05 -3.803955e+02 -3.161083e-05 -1.039624e+04
-3.660314e+02 3.966083e-12 -3.093442e-05 -3.660314e+02 -3.093442e-05 -1.039617e+04
-3.520270e+02 3.906333e-12 -3.027167e-05 -3.520270e+02 -3.027167e-05 -1.039592e+04
-3.383771e+02 3.774919e-12 -2.962254e-05 -3.383771e+02 -2.962254e-05 -1.039548e+04
-3.250769e+02 3.791720e-12 -2.898698e-05 -3.250769e+02 -2.898697e-05 -1.039486e+04
-3.121212e+02 3.898173e-12 -2.836490e-05 -3.121212e+02 -2.836490e-05 -1.039406e+04
-2.995044e+02 3.891385e-12 -2.775624e-05 -2.995044e+02 -2.775624e-05 -1.039309e+04
-2.872213e+02 3.977634e-12 -2.716087e-05 -2.872213e+02 -2.716087e-05 -1.039194e+04
-2.752663e+02 3.923440e-12 -2.657868e-05 -2.752663e+02 -2.657867e-05 -1.039061e+04
-2.636337e+02 4.005805e-12 -2.600954e-05 -2.636337e+02 -2.600953e-05 -1.038912e+04
-2.523178e+02 3.920971e-12 -2.545330e-05 -2.523178e+02 -2.545330e-05 -1.038746e+04
-2.413129e+02 3.947825e-12 -2.490983e-05 -2.413129e+02 -2.490983e-05 -1.038563e+04
-2.306131e+02 3.964245e-12 -2.437896e-05 -2.306131e+02 -2.437896e-05 -1.038365e+04
-2.202126e+02 4.071814e-12 -2.386052e-05 -2.202126e+02 -2.386052e-05 -1.038151e+04
-2.101054e+02 4.117100e-12 -2.335433e-05 -2.101054e+02 -2.335433e-05 -1.037922e+04
-2.002857e+02 4.056250e-12 -2.286021e-05 -2.002857e+02 -2.286022e-05 -1.037678e+04
-1.907475e+02 4.102092e-12 -2.237799e-05 -1.907475e+02 -2.237799e-05 -1.037420e+04
-1.814849e+02 4.068221e-12 -2.190745e-05 -1.814849e+02 -2.190745e-05 -1.037148e+04
-1.724919e+02 4.054112e-12 -2.144840e-05 -1.724919e+02 -2.144840e-05 -1.036863e+04
-1.637627e+02 4.067315e-12 -2.100065e-05 -1.637627e+02 -2.100065e-05 -1.036565e+04
1.103459e+03 -2.718942e+02 -3.223738e+03 1.103459e+03 -3.223738e+03 -6.683094e+03
1.103459e+03 -2.718942e+02 -3.223738e+03 1.103459e+03 -3.223738e+03 -6.683094e+03
1.103459e+03 -2.718942e+02 -3.223738e+03 1.103459e+03 -3.223738e+03 -6.683094e+03
1.103459e+03 -2.718942e+02 -3.223738e+03 1.103459e+03 -3.223738e+03 -6.683094e+03
