-5.015683e-002 
-5.305429e-002 
-5.596285e-002 
-5.888591e-002 
-6.182813e-002 
-6.479603e-002 
-6.779887e-002 
-7.085025e-002 
-7.397088e-002 
-7.719380e-002 
-8.057492e-002 
-8.421708e-002 
-8.833338e-002 
-9.345880e-002 
-1.015574e-001 
-1.024179e-001 
-1.033115e-001 
-1.042400e-001 
-1.052055e-001 
-1.062105e-001 
-1.072583e-001 
-1.083529e-001 
-1.094995e-001 
-1.107044e-001 
-1.119759e-001 
-1.133246e-001 
-1.147643e-001 
-1.163129e-001 
-1.179943e-001 
-1.260829e-001 
-1.317463e-001 
-1.367426e-001 
-1.416187e-001 
-1.466638e-001 
-1.486538e-001 
-1.494500e-001 
-1.501532e-001 
-1.507828e-001 
-1.513522e-001 
-1.518703e-001 
-1.523438e-001 
-1.527773e-001 
-1.531741e-001 
-1.535367e-001 
-1.550878e-001 
-1.599036e-001 
-1.642181e-001 
-1.681563e-001 
-1.718090e-001 
-1.752410e-001 
