unitcubic
2.0
602
600
-0.500000000000000	0.500000000000000	0
-0.500000000000000	-0.500000000000000	0
-0.500000000000000	0.400000000000000	0
-0.500000000000000	0.300000000000000	0
-0.500000000000000	0.200000000000000	0
-0.500000000000000	0.100000000000000	0
-0.500000000000000	0	0
-0.500000000000000	-0.100000000000000	0
-0.500000000000000	-0.200000000000000	0
-0.500000000000000	-0.300000000000000	0
-0.500000000000000	-0.400000000000000	0
0.500000000000000	0.500000000000000	0
0.400000000000000	0.500000000000000	0
0.300000000000000	0.500000000000000	0
0.200000000000000	0.500000000000000	0
0.100000000000000	0.500000000000000	0
0	0.500000000000000	0
-0.100000000000000	0.500000000000000	0
-0.200000000000000	0.500000000000000	0
-0.300000000000000	0.500000000000000	0
-0.400000000000000	0.500000000000000	0
0.500000000000000	-0.500000000000000	0
0.500000000000000	-0.400000000000000	0
0.500000000000000	-0.300000000000000	0
0.500000000000000	-0.200000000000000	0
0.500000000000000	-0.100000000000000	0
0.500000000000000	0	0
0.500000000000000	0.100000000000000	0
0.500000000000000	0.200000000000000	0
0.500000000000000	0.300000000000000	0
0.500000000000000	0.400000000000000	0
-0.400000000000000	-0.500000000000000	0
-0.300000000000000	-0.500000000000000	0
-0.200000000000000	-0.500000000000000	0
-0.100000000000000	-0.500000000000000	0
0	-0.500000000000000	0
0.100000000000000	-0.500000000000000	0
0.200000000000000	-0.500000000000000	0
0.300000000000000	-0.500000000000000	0
0.400000000000000	-0.500000000000000	0
-0.400000000000000	-0.400000000000000	0
-0.300000000000000	-0.400000000000000	0
-0.200000000000000	-0.400000000000000	0
-0.100000000000000	-0.400000000000000	0
1.38777878078000e-17	-0.400000000000000	0
0.100000000000000	-0.400000000000000	0
0.200000000000000	-0.400000000000000	0
0.300000000000000	-0.400000000000000	0
0.400000000000000	-0.400000000000000	0
-0.400000000000000	-0.300000000000000	0
-0.300000000000000	-0.300000000000000	0
-0.200000000000000	-0.300000000000000	0
-0.100000000000000	-0.300000000000000	0
-1.38777878078000e-17	-0.300000000000000	0
0.100000000000000	-0.300000000000000	0
0.200000000000000	-0.300000000000000	0
0.300000000000000	-0.300000000000000	0
0.400000000000000	-0.300000000000000	0
-0.400000000000000	-0.200000000000000	0
-0.300000000000000	-0.200000000000000	0
-0.200000000000000	-0.200000000000000	0
-0.100000000000000	-0.200000000000000	0
0	-0.200000000000000	0
0.100000000000000	-0.200000000000000	0
0.200000000000000	-0.200000000000000	0
0.300000000000000	-0.200000000000000	0
0.400000000000000	-0.200000000000000	0
-0.400000000000000	-0.100000000000000	0
-0.300000000000000	-0.100000000000000	0
-0.200000000000000	-0.100000000000000	0
-0.100000000000000	-0.100000000000000	0
0	-0.100000000000000	0
0.100000000000000	-0.100000000000000	0
0.200000000000000	-0.100000000000000	0
0.300000000000000	-0.100000000000000	0
0.400000000000000	-0.100000000000000	0
-0.400000000000000	0	0
-0.300000000000000	0	0
-0.200000000000000	0	0
-0.100000000000000	0	0
0	0	0
0.100000000000000	0	0
0.200000000000000	0	0
0.300000000000000	0	0
0.400000000000000	0	0
-0.400000000000000	0.100000000000000	0
-0.300000000000000	0.100000000000000	0
-0.200000000000000	0.100000000000000	0
-0.100000000000000	0.100000000000000	0
0	0.100000000000000	0
0.100000000000000	0.100000000000000	0
0.200000000000000	0.100000000000000	0
0.300000000000000	0.100000000000000	0
0.400000000000000	0.100000000000000	0
-0.400000000000000	0.200000000000000	0
-0.300000000000000	0.200000000000000	0
-0.200000000000000	0.200000000000000	0
-0.100000000000000	0.200000000000000	0
0	0.200000000000000	0
0.100000000000000	0.200000000000000	0
0.200000000000000	0.200000000000000	0
0.300000000000000	0.200000000000000	0
0.400000000000000	0.200000000000000	0
-0.400000000000000	0.300000000000000	0
-0.300000000000000	0.300000000000000	0
-0.200000000000000	0.300000000000000	0
-0.100000000000000	0.300000000000000	0
0	0.300000000000000	0
0.100000000000000	0.300000000000000	0
0.200000000000000	0.300000000000000	0
0.300000000000000	0.300000000000000	0
0.400000000000000	0.300000000000000	0
-0.400000000000000	0.400000000000000	0
-0.300000000000000	0.400000000000000	0
-0.200000000000000	0.400000000000000	0
-0.100000000000000	0.400000000000000	0
0	0.400000000000000	0
0.100000000000000	0.400000000000000	0
0.200000000000000	0.400000000000000	0
0.300000000000000	0.400000000000000	0
0.400000000000000	0.400000000000000	0
-0.500000000000000	-0.500000000000000	1
0.500000000000000	-0.500000000000000	1
-0.400000000000000	-0.500000000000000	1
-0.300000000000000	-0.500000000000000	1
-0.200000000000000	-0.500000000000000	1
-0.100000000000000	-0.500000000000000	1
0	-0.500000000000000	1
0.100000000000000	-0.500000000000000	1
0.200000000000000	-0.500000000000000	1
0.300000000000000	-0.500000000000000	1
0.400000000000000	-0.500000000000000	1
0.500000000000000	0.500000000000000	1
0.500000000000000	-0.400000000000000	1
0.500000000000000	-0.300000000000000	1
0.500000000000000	-0.200000000000000	1
0.500000000000000	-0.100000000000000	1
0.500000000000000	0	1
0.500000000000000	0.100000000000000	1
0.500000000000000	0.200000000000000	1
0.500000000000000	0.300000000000000	1
0.500000000000000	0.400000000000000	1
-0.500000000000000	0.500000000000000	1
0.400000000000000	0.500000000000000	1
0.300000000000000	0.500000000000000	1
0.200000000000000	0.500000000000000	1
0.100000000000000	0.500000000000000	1
0	0.500000000000000	1
-0.100000000000000	0.500000000000000	1
-0.200000000000000	0.500000000000000	1
-0.300000000000000	0.500000000000000	1
-0.400000000000000	0.500000000000000	1
-0.500000000000000	0.400000000000000	1
-0.500000000000000	0.300000000000000	1
-0.500000000000000	0.200000000000000	1
-0.500000000000000	0.100000000000000	1
-0.500000000000000	0	1
-0.500000000000000	-0.100000000000000	1
-0.500000000000000	-0.200000000000000	1
-0.500000000000000	-0.300000000000000	1
-0.500000000000000	-0.400000000000000	1
-0.400000000000000	-0.400000000000000	1
-0.400000000000000	-0.300000000000000	1
-0.400000000000000	-0.200000000000000	1
-0.400000000000000	-0.100000000000000	1
-0.400000000000000	1.38777878078000e-17	1
-0.400000000000000	0.100000000000000	1
-0.400000000000000	0.200000000000000	1
-0.400000000000000	0.300000000000000	1
-0.400000000000000	0.400000000000000	1
-0.300000000000000	-0.400000000000000	1
-0.300000000000000	-0.300000000000000	1
-0.300000000000000	-0.200000000000000	1
-0.300000000000000	-0.100000000000000	1
-0.300000000000000	-1.38777878078000e-17	1
-0.300000000000000	0.100000000000000	1
-0.300000000000000	0.200000000000000	1
-0.300000000000000	0.300000000000000	1
-0.300000000000000	0.400000000000000	1
-0.200000000000000	-0.400000000000000	1
-0.200000000000000	-0.300000000000000	1
-0.200000000000000	-0.200000000000000	1
-0.200000000000000	-0.100000000000000	1
-0.200000000000000	0	1
-0.200000000000000	0.100000000000000	1
-0.200000000000000	0.200000000000000	1
-0.200000000000000	0.300000000000000	1
-0.200000000000000	0.400000000000000	1
-0.100000000000000	-0.400000000000000	1
-0.100000000000000	-0.300000000000000	1
-0.100000000000000	-0.200000000000000	1
-0.100000000000000	-0.100000000000000	1
-0.100000000000000	0	1
-0.100000000000000	0.100000000000000	1
-0.100000000000000	0.200000000000000	1
-0.100000000000000	0.300000000000000	1
-0.100000000000000	0.400000000000000	1
0	-0.400000000000000	1
0	-0.300000000000000	1
0	-0.200000000000000	1
0	-0.100000000000000	1
0	0	1
0	0.100000000000000	1
0	0.200000000000000	1
0	0.300000000000000	1
0	0.400000000000000	1
0.100000000000000	-0.400000000000000	1
0.100000000000000	-0.300000000000000	1
0.100000000000000	-0.200000000000000	1
0.100000000000000	-0.100000000000000	1
0.100000000000000	0	1
0.100000000000000	0.100000000000000	1
0.100000000000000	0.200000000000000	1
0.100000000000000	0.300000000000000	1
0.100000000000000	0.400000000000000	1
0.200000000000000	-0.400000000000000	1
0.200000000000000	-0.300000000000000	1
0.200000000000000	-0.200000000000000	1
0.200000000000000	-0.100000000000000	1
0.200000000000000	0	1
0.200000000000000	0.100000000000000	1
0.200000000000000	0.200000000000000	1
0.200000000000000	0.300000000000000	1
0.200000000000000	0.400000000000000	1
0.300000000000000	-0.400000000000000	1
0.300000000000000	-0.300000000000000	1
0.300000000000000	-0.200000000000000	1
0.300000000000000	-0.100000000000000	1
0.300000000000000	0	1
0.300000000000000	0.100000000000000	1
0.300000000000000	0.200000000000000	1
0.300000000000000	0.300000000000000	1
0.300000000000000	0.400000000000000	1
0.400000000000000	-0.400000000000000	1
0.400000000000000	-0.300000000000000	1
0.400000000000000	-0.200000000000000	1
0.400000000000000	-0.100000000000000	1
0.400000000000000	0	1
0.400000000000000	0.100000000000000	1
0.400000000000000	0.200000000000000	1
0.400000000000000	0.300000000000000	1
0.400000000000000	0.400000000000000	1
-0.500000000000000	-0.500000000000000	0.900000000000000
-0.500000000000000	-0.500000000000000	0.800000000000000
-0.500000000000000	-0.500000000000000	0.700000000000000
-0.500000000000000	-0.500000000000000	0.600000000000000
-0.500000000000000	-0.500000000000000	0.500000000000000
-0.500000000000000	-0.500000000000000	0.400000000000000
-0.500000000000000	-0.500000000000000	0.300000000000000
-0.500000000000000	-0.500000000000000	0.200000000000000
-0.500000000000000	-0.500000000000000	0.100000000000000
0.500000000000000	-0.500000000000000	0.100000000000000
0.500000000000000	-0.500000000000000	0.200000000000000
0.500000000000000	-0.500000000000000	0.300000000000000
0.500000000000000	-0.500000000000000	0.400000000000000
0.500000000000000	-0.500000000000000	0.500000000000000
0.500000000000000	-0.500000000000000	0.600000000000000
0.500000000000000	-0.500000000000000	0.700000000000000
0.500000000000000	-0.500000000000000	0.800000000000000
0.500000000000000	-0.500000000000000	0.900000000000000
-0.400000000000000	-0.500000000000000	0.900000000000000
-0.300000000000000	-0.500000000000000	0.900000000000000
-0.200000000000000	-0.500000000000000	0.900000000000000
-0.100000000000000	-0.500000000000000	0.900000000000000
1.38777878078000e-17	-0.500000000000000	0.900000000000000
0.100000000000000	-0.500000000000000	0.900000000000000
0.200000000000000	-0.500000000000000	0.900000000000000
0.300000000000000	-0.500000000000000	0.900000000000000
0.400000000000000	-0.500000000000000	0.900000000000000
-0.400000000000000	-0.500000000000000	0.800000000000000
-0.300000000000000	-0.500000000000000	0.800000000000000
-0.200000000000000	-0.500000000000000	0.800000000000000
-0.100000000000000	-0.500000000000000	0.800000000000000
-1.38777878078000e-17	-0.500000000000000	0.800000000000000
0.100000000000000	-0.500000000000000	0.800000000000000
0.200000000000000	-0.500000000000000	0.800000000000000
0.300000000000000	-0.500000000000000	0.800000000000000
0.400000000000000	-0.500000000000000	0.800000000000000
-0.400000000000000	-0.500000000000000	0.700000000000000
-0.300000000000000	-0.500000000000000	0.700000000000000
-0.200000000000000	-0.500000000000000	0.700000000000000
-0.100000000000000	-0.500000000000000	0.700000000000000
0	-0.500000000000000	0.700000000000000
0.100000000000000	-0.500000000000000	0.700000000000000
0.200000000000000	-0.500000000000000	0.700000000000000
0.300000000000000	-0.500000000000000	0.700000000000000
0.400000000000000	-0.500000000000000	0.700000000000000
-0.400000000000000	-0.500000000000000	0.600000000000000
-0.300000000000000	-0.500000000000000	0.600000000000000
-0.200000000000000	-0.500000000000000	0.600000000000000
-0.100000000000000	-0.500000000000000	0.600000000000000
0	-0.500000000000000	0.600000000000000
0.100000000000000	-0.500000000000000	0.600000000000000
0.200000000000000	-0.500000000000000	0.600000000000000
0.300000000000000	-0.500000000000000	0.600000000000000
0.400000000000000	-0.500000000000000	0.600000000000000
-0.400000000000000	-0.500000000000000	0.500000000000000
-0.300000000000000	-0.500000000000000	0.500000000000000
-0.200000000000000	-0.500000000000000	0.500000000000000
-0.100000000000000	-0.500000000000000	0.500000000000000
0	-0.500000000000000	0.500000000000000
0.100000000000000	-0.500000000000000	0.500000000000000
0.200000000000000	-0.500000000000000	0.500000000000000
0.300000000000000	-0.500000000000000	0.500000000000000
0.400000000000000	-0.500000000000000	0.500000000000000
-0.400000000000000	-0.500000000000000	0.400000000000000
-0.300000000000000	-0.500000000000000	0.400000000000000
-0.200000000000000	-0.500000000000000	0.400000000000000
-0.100000000000000	-0.500000000000000	0.400000000000000
0	-0.500000000000000	0.400000000000000
0.100000000000000	-0.500000000000000	0.400000000000000
0.200000000000000	-0.500000000000000	0.400000000000000
0.300000000000000	-0.500000000000000	0.400000000000000
0.400000000000000	-0.500000000000000	0.400000000000000
-0.400000000000000	-0.500000000000000	0.300000000000000
-0.300000000000000	-0.500000000000000	0.300000000000000
-0.200000000000000	-0.500000000000000	0.300000000000000
-0.100000000000000	-0.500000000000000	0.300000000000000
0	-0.500000000000000	0.300000000000000
0.100000000000000	-0.500000000000000	0.300000000000000
0.200000000000000	-0.500000000000000	0.300000000000000
0.300000000000000	-0.500000000000000	0.300000000000000
0.400000000000000	-0.500000000000000	0.300000000000000
-0.400000000000000	-0.500000000000000	0.200000000000000
-0.300000000000000	-0.500000000000000	0.200000000000000
-0.200000000000000	-0.500000000000000	0.200000000000000
-0.100000000000000	-0.500000000000000	0.200000000000000
0	-0.500000000000000	0.200000000000000
0.100000000000000	-0.500000000000000	0.200000000000000
0.200000000000000	-0.500000000000000	0.200000000000000
0.300000000000000	-0.500000000000000	0.200000000000000
0.400000000000000	-0.500000000000000	0.200000000000000
-0.400000000000000	-0.500000000000000	0.100000000000000
-0.300000000000000	-0.500000000000000	0.100000000000000
-0.200000000000000	-0.500000000000000	0.100000000000000
-0.100000000000000	-0.500000000000000	0.100000000000000
0	-0.500000000000000	0.100000000000000
0.100000000000000	-0.500000000000000	0.100000000000000
0.200000000000000	-0.500000000000000	0.100000000000000
0.300000000000000	-0.500000000000000	0.100000000000000
0.400000000000000	-0.500000000000000	0.100000000000000
0.500000000000000	0.500000000000000	0.100000000000000
0.500000000000000	0.500000000000000	0.200000000000000
0.500000000000000	0.500000000000000	0.300000000000000
0.500000000000000	0.500000000000000	0.400000000000000
0.500000000000000	0.500000000000000	0.500000000000000
0.500000000000000	0.500000000000000	0.600000000000000
0.500000000000000	0.500000000000000	0.700000000000000
0.500000000000000	0.500000000000000	0.800000000000000
0.500000000000000	0.500000000000000	0.900000000000000
-0.500000000000000	0.500000000000000	0.900000000000000
-0.500000000000000	0.500000000000000	0.800000000000000
-0.500000000000000	0.500000000000000	0.700000000000000
-0.500000000000000	0.500000000000000	0.600000000000000
-0.500000000000000	0.500000000000000	0.500000000000000
-0.500000000000000	0.500000000000000	0.400000000000000
-0.500000000000000	0.500000000000000	0.300000000000000
-0.500000000000000	0.500000000000000	0.200000000000000
-0.500000000000000	0.500000000000000	0.100000000000000
-0.400000000000000	0.500000000000000	0.900000000000000
-0.400000000000000	0.500000000000000	0.800000000000000
-0.400000000000000	0.500000000000000	0.700000000000000
-0.400000000000000	0.500000000000000	0.600000000000000
-0.400000000000000	0.500000000000000	0.500000000000000
-0.400000000000000	0.500000000000000	0.400000000000000
-0.400000000000000	0.500000000000000	0.300000000000000
-0.400000000000000	0.500000000000000	0.200000000000000
-0.400000000000000	0.500000000000000	0.100000000000000
-0.300000000000000	0.500000000000000	0.900000000000000
-0.300000000000000	0.500000000000000	0.800000000000000
-0.300000000000000	0.500000000000000	0.700000000000000
-0.300000000000000	0.500000000000000	0.600000000000000
-0.300000000000000	0.500000000000000	0.500000000000000
-0.300000000000000	0.500000000000000	0.400000000000000
-0.300000000000000	0.500000000000000	0.300000000000000
-0.300000000000000	0.500000000000000	0.200000000000000
-0.300000000000000	0.500000000000000	0.100000000000000
-0.200000000000000	0.500000000000000	0.900000000000000
-0.200000000000000	0.500000000000000	0.800000000000000
-0.200000000000000	0.500000000000000	0.700000000000000
-0.200000000000000	0.500000000000000	0.600000000000000
-0.200000000000000	0.500000000000000	0.500000000000000
-0.200000000000000	0.500000000000000	0.400000000000000
-0.200000000000000	0.500000000000000	0.300000000000000
-0.200000000000000	0.500000000000000	0.200000000000000
-0.200000000000000	0.500000000000000	0.100000000000000
-0.100000000000000	0.500000000000000	0.900000000000000
-0.100000000000000	0.500000000000000	0.800000000000000
-0.100000000000000	0.500000000000000	0.700000000000000
-0.100000000000000	0.500000000000000	0.600000000000000
-0.100000000000000	0.500000000000000	0.500000000000000
-0.100000000000000	0.500000000000000	0.400000000000000
-0.100000000000000	0.500000000000000	0.300000000000000
-0.100000000000000	0.500000000000000	0.200000000000000
-0.100000000000000	0.500000000000000	0.100000000000000
0	0.500000000000000	0.900000000000000
0	0.500000000000000	0.800000000000000
0	0.500000000000000	0.700000000000000
0	0.500000000000000	0.600000000000000
0	0.500000000000000	0.500000000000000
0	0.500000000000000	0.400000000000000
0	0.500000000000000	0.300000000000000
0	0.500000000000000	0.200000000000000
0	0.500000000000000	0.100000000000000
0.100000000000000	0.500000000000000	0.900000000000000
0.100000000000000	0.500000000000000	0.800000000000000
0.100000000000000	0.500000000000000	0.700000000000000
0.100000000000000	0.500000000000000	0.600000000000000
0.100000000000000	0.500000000000000	0.500000000000000
0.100000000000000	0.500000000000000	0.400000000000000
0.100000000000000	0.500000000000000	0.300000000000000
0.100000000000000	0.500000000000000	0.200000000000000
0.100000000000000	0.500000000000000	0.100000000000000
0.200000000000000	0.500000000000000	0.900000000000000
0.200000000000000	0.500000000000000	0.800000000000000
0.200000000000000	0.500000000000000	0.700000000000000
0.200000000000000	0.500000000000000	0.600000000000000
0.200000000000000	0.500000000000000	0.500000000000000
0.200000000000000	0.500000000000000	0.400000000000000
0.200000000000000	0.500000000000000	0.300000000000000
0.200000000000000	0.500000000000000	0.200000000000000
0.200000000000000	0.500000000000000	0.100000000000000
0.300000000000000	0.500000000000000	0.900000000000000
0.300000000000000	0.500000000000000	0.800000000000000
0.300000000000000	0.500000000000000	0.700000000000000
0.300000000000000	0.500000000000000	0.600000000000000
0.300000000000000	0.500000000000000	0.500000000000000
0.300000000000000	0.500000000000000	0.400000000000000
0.300000000000000	0.500000000000000	0.300000000000000
0.300000000000000	0.500000000000000	0.200000000000000
0.300000000000000	0.500000000000000	0.100000000000000
0.400000000000000	0.500000000000000	0.900000000000000
0.400000000000000	0.500000000000000	0.800000000000000
0.400000000000000	0.500000000000000	0.700000000000000
0.400000000000000	0.500000000000000	0.600000000000000
0.400000000000000	0.500000000000000	0.500000000000000
0.400000000000000	0.500000000000000	0.400000000000000
0.400000000000000	0.500000000000000	0.300000000000000
0.400000000000000	0.500000000000000	0.200000000000000
0.400000000000000	0.500000000000000	0.100000000000000
-0.500000000000000	-0.400000000000000	0.900000000000000
-0.500000000000000	-0.400000000000000	0.800000000000000
-0.500000000000000	-0.400000000000000	0.700000000000000
-0.500000000000000	-0.400000000000000	0.600000000000000
-0.500000000000000	-0.400000000000000	0.500000000000000
-0.500000000000000	-0.400000000000000	0.400000000000000
-0.500000000000000	-0.400000000000000	0.300000000000000
-0.500000000000000	-0.400000000000000	0.200000000000000
-0.500000000000000	-0.400000000000000	0.100000000000000
-0.500000000000000	-0.300000000000000	0.900000000000000
-0.500000000000000	-0.300000000000000	0.800000000000000
-0.500000000000000	-0.300000000000000	0.700000000000000
-0.500000000000000	-0.300000000000000	0.600000000000000
-0.500000000000000	-0.300000000000000	0.500000000000000
-0.500000000000000	-0.300000000000000	0.400000000000000
-0.500000000000000	-0.300000000000000	0.300000000000000
-0.500000000000000	-0.300000000000000	0.200000000000000
-0.500000000000000	-0.300000000000000	0.100000000000000
-0.500000000000000	-0.200000000000000	0.900000000000000
-0.500000000000000	-0.200000000000000	0.800000000000000
-0.500000000000000	-0.200000000000000	0.700000000000000
-0.500000000000000	-0.200000000000000	0.600000000000000
-0.500000000000000	-0.200000000000000	0.500000000000000
-0.500000000000000	-0.200000000000000	0.400000000000000
-0.500000000000000	-0.200000000000000	0.300000000000000
-0.500000000000000	-0.200000000000000	0.200000000000000
-0.500000000000000	-0.200000000000000	0.100000000000000
-0.500000000000000	-0.100000000000000	0.900000000000000
-0.500000000000000	-0.100000000000000	0.800000000000000
-0.500000000000000	-0.100000000000000	0.700000000000000
-0.500000000000000	-0.100000000000000	0.600000000000000
-0.500000000000000	-0.100000000000000	0.500000000000000
-0.500000000000000	-0.100000000000000	0.400000000000000
-0.500000000000000	-0.100000000000000	0.300000000000000
-0.500000000000000	-0.100000000000000	0.200000000000000
-0.500000000000000	-0.100000000000000	0.100000000000000
-0.500000000000000	0	0.900000000000000
-0.500000000000000	0	0.800000000000000
-0.500000000000000	0	0.700000000000000
-0.500000000000000	0	0.600000000000000
-0.500000000000000	0	0.500000000000000
-0.500000000000000	0	0.400000000000000
-0.500000000000000	0	0.300000000000000
-0.500000000000000	0	0.200000000000000
-0.500000000000000	0	0.100000000000000
-0.500000000000000	0.100000000000000	0.900000000000000
-0.500000000000000	0.100000000000000	0.800000000000000
-0.500000000000000	0.100000000000000	0.700000000000000
-0.500000000000000	0.100000000000000	0.600000000000000
-0.500000000000000	0.100000000000000	0.500000000000000
-0.500000000000000	0.100000000000000	0.400000000000000
-0.500000000000000	0.100000000000000	0.300000000000000
-0.500000000000000	0.100000000000000	0.200000000000000
-0.500000000000000	0.100000000000000	0.100000000000000
-0.500000000000000	0.200000000000000	0.900000000000000
-0.500000000000000	0.200000000000000	0.800000000000000
-0.500000000000000	0.200000000000000	0.700000000000000
-0.500000000000000	0.200000000000000	0.600000000000000
-0.500000000000000	0.200000000000000	0.500000000000000
-0.500000000000000	0.200000000000000	0.400000000000000
-0.500000000000000	0.200000000000000	0.300000000000000
-0.500000000000000	0.200000000000000	0.200000000000000
-0.500000000000000	0.200000000000000	0.100000000000000
-0.500000000000000	0.300000000000000	0.900000000000000
-0.500000000000000	0.300000000000000	0.800000000000000
-0.500000000000000	0.300000000000000	0.700000000000000
-0.500000000000000	0.300000000000000	0.600000000000000
-0.500000000000000	0.300000000000000	0.500000000000000
-0.500000000000000	0.300000000000000	0.400000000000000
-0.500000000000000	0.300000000000000	0.300000000000000
-0.500000000000000	0.300000000000000	0.200000000000000
-0.500000000000000	0.300000000000000	0.100000000000000
-0.500000000000000	0.400000000000000	0.900000000000000
-0.500000000000000	0.400000000000000	0.800000000000000
-0.500000000000000	0.400000000000000	0.700000000000000
-0.500000000000000	0.400000000000000	0.600000000000000
-0.500000000000000	0.400000000000000	0.500000000000000
-0.500000000000000	0.400000000000000	0.400000000000000
-0.500000000000000	0.400000000000000	0.300000000000000
-0.500000000000000	0.400000000000000	0.200000000000000
-0.500000000000000	0.400000000000000	0.100000000000000
0.500000000000000	-0.400000000000000	0.900000000000000
0.500000000000000	-0.300000000000000	0.900000000000000
0.500000000000000	-0.200000000000000	0.900000000000000
0.500000000000000	-0.100000000000000	0.900000000000000
0.500000000000000	0	0.900000000000000
0.500000000000000	0.100000000000000	0.900000000000000
0.500000000000000	0.200000000000000	0.900000000000000
0.500000000000000	0.300000000000000	0.900000000000000
0.500000000000000	0.400000000000000	0.900000000000000
0.500000000000000	-0.400000000000000	0.800000000000000
0.500000000000000	-0.300000000000000	0.800000000000000
0.500000000000000	-0.200000000000000	0.800000000000000
0.500000000000000	-0.100000000000000	0.800000000000000
0.500000000000000	0	0.800000000000000
0.500000000000000	0.100000000000000	0.800000000000000
0.500000000000000	0.200000000000000	0.800000000000000
0.500000000000000	0.300000000000000	0.800000000000000
0.500000000000000	0.400000000000000	0.800000000000000
0.500000000000000	-0.400000000000000	0.700000000000000
0.500000000000000	-0.300000000000000	0.700000000000000
0.500000000000000	-0.200000000000000	0.700000000000000
0.500000000000000	-0.100000000000000	0.700000000000000
0.500000000000000	0	0.700000000000000
0.500000000000000	0.100000000000000	0.700000000000000
0.500000000000000	0.200000000000000	0.700000000000000
0.500000000000000	0.300000000000000	0.700000000000000
0.500000000000000	0.400000000000000	0.700000000000000
0.500000000000000	-0.400000000000000	0.600000000000000
0.500000000000000	-0.300000000000000	0.600000000000000
0.500000000000000	-0.200000000000000	0.600000000000000
0.500000000000000	-0.100000000000000	0.600000000000000
0.500000000000000	0	0.600000000000000
0.500000000000000	0.100000000000000	0.600000000000000
0.500000000000000	0.200000000000000	0.600000000000000
0.500000000000000	0.300000000000000	0.600000000000000
0.500000000000000	0.400000000000000	0.600000000000000
0.500000000000000	-0.400000000000000	0.500000000000000
0.500000000000000	-0.300000000000000	0.500000000000000
0.500000000000000	-0.200000000000000	0.500000000000000
0.500000000000000	-0.100000000000000	0.500000000000000
0.500000000000000	0	0.500000000000000
0.500000000000000	0.100000000000000	0.500000000000000
0.500000000000000	0.200000000000000	0.500000000000000
0.500000000000000	0.300000000000000	0.500000000000000
0.500000000000000	0.400000000000000	0.500000000000000
0.500000000000000	-0.400000000000000	0.400000000000000
0.500000000000000	-0.300000000000000	0.400000000000000
0.500000000000000	-0.200000000000000	0.400000000000000
0.500000000000000	-0.100000000000000	0.400000000000000
0.500000000000000	0	0.400000000000000
0.500000000000000	0.100000000000000	0.400000000000000
0.500000000000000	0.200000000000000	0.400000000000000
0.500000000000000	0.300000000000000	0.400000000000000
0.500000000000000	0.400000000000000	0.400000000000000
0.500000000000000	-0.400000000000000	0.300000000000000
0.500000000000000	-0.300000000000000	0.300000000000000
0.500000000000000	-0.200000000000000	0.300000000000000
0.500000000000000	-0.100000000000000	0.300000000000000
0.500000000000000	0	0.300000000000000
0.500000000000000	0.100000000000000	0.300000000000000
0.500000000000000	0.200000000000000	0.300000000000000
0.500000000000000	0.300000000000000	0.300000000000000
0.500000000000000	0.400000000000000	0.300000000000000
0.500000000000000	-0.400000000000000	0.200000000000000
0.500000000000000	-0.300000000000000	0.200000000000000
0.500000000000000	-0.200000000000000	0.200000000000000
0.500000000000000	-0.100000000000000	0.200000000000000
0.500000000000000	0	0.200000000000000
0.500000000000000	0.100000000000000	0.200000000000000
0.500000000000000	0.200000000000000	0.200000000000000
0.500000000000000	0.300000000000000	0.200000000000000
0.500000000000000	0.400000000000000	0.200000000000000
0.500000000000000	-0.400000000000000	0.100000000000000
0.500000000000000	-0.300000000000000	0.100000000000000
0.500000000000000	-0.200000000000000	0.100000000000000
0.500000000000000	-0.100000000000000	0.100000000000000
0.500000000000000	0	0.100000000000000
0.500000000000000	0.100000000000000	0.100000000000000
0.500000000000000	0.200000000000000	0.100000000000000
0.500000000000000	0.300000000000000	0.100000000000000
0.500000000000000	0.400000000000000	0.100000000000000
2	11	41	32
11	10	50	41
10	9	59	50
9	8	68	59
8	7	77	68
7	6	86	77
6	5	95	86
5	4	104	95
4	3	113	104
3	1	21	113
32	41	42	33
41	50	51	42
50	59	60	51
59	68	69	60
68	77	78	69
77	86	87	78
86	95	96	87
95	104	105	96
104	113	114	105
113	21	20	114
33	42	43	34
42	51	52	43
51	60	61	52
60	69	70	61
69	78	79	70
78	87	88	79
87	96	97	88
96	105	106	97
105	114	115	106
114	20	19	115
34	43	44	35
43	52	53	44
52	61	62	53
61	70	71	62
70	79	80	71
79	88	89	80
88	97	98	89
97	106	107	98
106	115	116	107
115	19	18	116
35	44	45	36
44	53	54	45
53	62	63	54
62	71	72	63
71	80	81	72
80	89	90	81
89	98	99	90
98	107	108	99
107	116	117	108
116	18	17	117
36	45	46	37
45	54	55	46
54	63	64	55
63	72	73	64
72	81	82	73
81	90	91	82
90	99	100	91
99	108	109	100
108	117	118	109
117	17	16	118
37	46	47	38
46	55	56	47
55	64	65	56
64	73	74	65
73	82	83	74
82	91	92	83
91	100	101	92
100	109	110	101
109	118	119	110
118	16	15	119
38	47	48	39
47	56	57	48
56	65	66	57
65	74	75	66
74	83	84	75
83	92	93	84
92	101	102	93
101	110	111	102
110	119	120	111
119	15	14	120
39	48	49	40
48	57	58	49
57	66	67	58
66	75	76	67
75	84	85	76
84	93	94	85
93	102	103	94
102	111	112	103
111	120	121	112
120	14	13	121
40	49	23	22
49	58	24	23
58	67	25	24
67	76	26	25
76	85	27	26
85	94	28	27
94	103	29	28
103	112	30	29
112	121	31	30
121	13	12	31
122	124	162	161
124	125	171	162
125	126	180	171
126	127	189	180
127	128	198	189
128	129	207	198
129	130	216	207
130	131	225	216
131	132	234	225
132	123	134	234
161	162	163	160
162	171	172	163
171	180	181	172
180	189	190	181
189	198	199	190
198	207	208	199
207	216	217	208
216	225	226	217
225	234	235	226
234	134	135	235
160	163	164	159
163	172	173	164
172	181	182	173
181	190	191	182
190	199	200	191
199	208	209	200
208	217	218	209
217	226	227	218
226	235	236	227
235	135	136	236
159	164	165	158
164	173	174	165
173	182	183	174
182	191	192	183
191	200	201	192
200	209	210	201
209	218	219	210
218	227	228	219
227	236	237	228
236	136	137	237
158	165	166	157
165	174	175	166
174	183	184	175
183	192	193	184
192	201	202	193
201	210	211	202
210	219	220	211
219	228	229	220
228	237	238	229
237	137	138	238
157	166	167	156
166	175	176	167
175	184	185	176
184	193	194	185
193	202	203	194
202	211	212	203
211	220	221	212
220	229	230	221
229	238	239	230
238	138	139	239
156	167	168	155
167	176	177	168
176	185	186	177
185	194	195	186
194	203	204	195
203	212	213	204
212	221	222	213
221	230	231	222
230	239	240	231
239	139	140	240
155	168	169	154
168	177	178	169
177	186	187	178
186	195	196	187
195	204	205	196
204	213	214	205
213	222	223	214
222	231	232	223
231	240	241	232
240	140	141	241
154	169	170	153
169	178	179	170
178	187	188	179
187	196	197	188
196	205	206	197
205	214	215	206
214	223	224	215
223	232	233	224
232	241	242	233
241	141	142	242
153	170	152	143
170	179	151	152
179	188	150	151
188	197	149	150
197	206	148	149
206	215	147	148
215	224	146	147
224	233	145	146
233	242	144	145
242	142	133	144
122	243	261	124
243	244	270	261
244	245	279	270
245	246	288	279
246	247	297	288
247	248	306	297
248	249	315	306
249	250	324	315
250	251	333	324
251	2	32	333
124	261	262	125
261	270	271	262
270	279	280	271
279	288	289	280
288	297	298	289
297	306	307	298
306	315	316	307
315	324	325	316
324	333	334	325
333	32	33	334
125	262	263	126
262	271	272	263
271	280	281	272
280	289	290	281
289	298	299	290
298	307	308	299
307	316	317	308
316	325	326	317
325	334	335	326
334	33	34	335
126	263	264	127
263	272	273	264
272	281	282	273
281	290	291	282
290	299	300	291
299	308	309	300
308	317	318	309
317	326	327	318
326	335	336	327
335	34	35	336
127	264	265	128
264	273	274	265
273	282	283	274
282	291	292	283
291	300	301	292
300	309	310	301
309	318	319	310
318	327	328	319
327	336	337	328
336	35	36	337
128	265	266	129
265	274	275	266
274	283	284	275
283	292	293	284
292	301	302	293
301	310	311	302
310	319	320	311
319	328	329	320
328	337	338	329
337	36	37	338
129	266	267	130
266	275	276	267
275	284	285	276
284	293	294	285
293	302	303	294
302	311	312	303
311	320	321	312
320	329	330	321
329	338	339	330
338	37	38	339
130	267	268	131
267	276	277	268
276	285	286	277
285	294	295	286
294	303	304	295
303	312	313	304
312	321	322	313
321	330	331	322
330	339	340	331
339	38	39	340
131	268	269	132
268	277	278	269
277	286	287	278
286	295	296	287
295	304	305	296
304	313	314	305
313	322	323	314
322	331	332	323
331	340	341	332
340	39	40	341
132	269	260	123
269	278	259	260
278	287	258	259
287	296	257	258
296	305	256	257
305	314	255	256
314	323	254	255
323	332	253	254
332	341	252	253
341	40	22	252
143	152	360	351
152	151	369	360
151	150	378	369
150	149	387	378
149	148	396	387
148	147	405	396
147	146	414	405
146	145	423	414
145	144	432	423
144	133	350	432
351	360	361	352
360	369	370	361
369	378	379	370
378	387	388	379
387	396	397	388
396	405	406	397
405	414	415	406
414	423	424	415
423	432	433	424
432	350	349	433
352	361	362	353
361	370	371	362
370	379	380	371
379	388	389	380
388	397	398	389
397	406	407	398
406	415	416	407
415	424	425	416
424	433	434	425
433	349	348	434
353	362	363	354
362	371	372	363
371	380	381	372
380	389	390	381
389	398	399	390
398	407	408	399
407	416	417	408
416	425	426	417
425	434	435	426
434	348	347	435
354	363	364	355
363	372	373	364
372	381	382	373
381	390	391	382
390	399	400	391
399	408	409	400
408	417	418	409
417	426	427	418
426	435	436	427
435	347	346	436
355	364	365	356
364	373	374	365
373	382	383	374
382	391	392	383
391	400	401	392
400	409	410	401
409	418	419	410
418	427	428	419
427	436	437	428
436	346	345	437
356	365	366	357
365	374	375	366
374	383	384	375
383	392	393	384
392	401	402	393
401	410	411	402
410	419	420	411
419	428	429	420
428	437	438	429
437	345	344	438
357	366	367	358
366	375	376	367
375	384	385	376
384	393	394	385
393	402	403	394
402	411	412	403
411	420	421	412
420	429	430	421
429	438	439	430
438	344	343	439
358	367	368	359
367	376	377	368
376	385	386	377
385	394	395	386
394	403	404	395
403	412	413	404
412	421	422	413
421	430	431	422
430	439	440	431
439	343	342	440
359	368	21	1
368	377	20	21
377	386	19	20
386	395	18	19
395	404	17	18
404	413	16	17
413	422	15	16
422	431	14	15
431	440	13	14
440	342	12	13
122	161	441	243
161	160	450	441
160	159	459	450
159	158	468	459
158	157	477	468
157	156	486	477
156	155	495	486
155	154	504	495
154	153	513	504
153	143	351	513
243	441	442	244
441	450	451	442
450	459	460	451
459	468	469	460
468	477	478	469
477	486	487	478
486	495	496	487
495	504	505	496
504	513	514	505
513	351	352	514
244	442	443	245
442	451	452	443
451	460	461	452
460	469	470	461
469	478	479	470
478	487	488	479
487	496	497	488
496	505	506	497
505	514	515	506
514	352	353	515
245	443	444	246
443	452	453	444
452	461	462	453
461	470	471	462
470	479	480	471
479	488	489	480
488	497	498	489
497	506	507	498
506	515	516	507
515	353	354	516
246	444	445	247
444	453	454	445
453	462	463	454
462	471	472	463
471	480	481	472
480	489	490	481
489	498	499	490
498	507	508	499
507	516	517	508
516	354	355	517
247	445	446	248
445	454	455	446
454	463	464	455
463	472	473	464
472	481	482	473
481	490	491	482
490	499	500	491
499	508	509	500
508	517	518	509
517	355	356	518
248	446	447	249
446	455	456	447
455	464	465	456
464	473	474	465
473	482	483	474
482	491	492	483
491	500	501	492
500	509	510	501
509	518	519	510
518	356	357	519
249	447	448	250
447	456	457	448
456	465	466	457
465	474	475	466
474	483	484	475
483	492	493	484
492	501	502	493
501	510	511	502
510	519	520	511
519	357	358	520
250	448	449	251
448	457	458	449
457	466	467	458
466	475	476	467
475	484	485	476
484	493	494	485
493	502	503	494
502	511	512	503
511	520	521	512
520	358	359	521
251	449	11	2
449	458	10	11
458	467	9	10
467	476	8	9
476	485	7	8
485	494	6	7
494	503	5	6
503	512	4	5
512	521	3	4
521	359	1	3
123	260	522	134
260	259	531	522
259	258	540	531
258	257	549	540
257	256	558	549
256	255	567	558
255	254	576	567
254	253	585	576
253	252	594	585
252	22	23	594
134	522	523	135
522	531	532	523
531	540	541	532
540	549	550	541
549	558	559	550
558	567	568	559
567	576	577	568
576	585	586	577
585	594	595	586
594	23	24	595
135	523	524	136
523	532	533	524
532	541	542	533
541	550	551	542
550	559	560	551
559	568	569	560
568	577	578	569
577	586	587	578
586	595	596	587
595	24	25	596
136	524	525	137
524	533	534	525
533	542	543	534
542	551	552	543
551	560	561	552
560	569	570	561
569	578	579	570
578	587	588	579
587	596	597	588
596	25	26	597
137	525	526	138
525	534	535	526
534	543	544	535
543	552	553	544
552	561	562	553
561	570	571	562
570	579	580	571
579	588	589	580
588	597	598	589
597	26	27	598
138	526	527	139
526	535	536	527
535	544	545	536
544	553	554	545
553	562	563	554
562	571	572	563
571	580	581	572
580	589	590	581
589	598	599	590
598	27	28	599
139	527	528	140
527	536	537	528
536	545	546	537
545	554	555	546
554	563	564	555
563	572	573	564
572	581	582	573
581	590	591	582
590	599	600	591
599	28	29	600
140	528	529	141
528	537	538	529
537	546	547	538
546	555	556	547
555	564	565	556
564	573	574	565
573	582	583	574
582	591	592	583
591	600	601	592
600	29	30	601
141	529	530	142
529	538	539	530
538	547	548	539
547	556	557	548
556	565	566	557
565	574	575	566
574	583	584	575
583	592	593	584
592	601	602	593
601	30	31	602
142	530	350	133
530	539	349	350
539	548	348	349
548	557	347	348
557	566	346	347
566	575	345	346
575	584	344	345
584	593	343	344
593	602	342	343
602	31	12	342
0	0
0	0
0	0
0	0
0	0
0	0
0	0
0	0
0	0
0	0
0	0
0	0
0	0
0	0
0	0
0	0
0	0
0	0
0	0
0	0
0	0
0	0
0	0
0	0
0	0
0	0
0	0
0	0
0	0
0	0
0	0
0	0
0	0
0	0
0	0
0	0
0	0
0	0
0	0
0	0
0	0
0	0
0	0
0	0
0	0
0	0
0	0
0	0
0	0
0	0
0	0
0	0
0	0
0	0
0	0
0	0
0	0
0	0
0	0
0	0
0	0
0	0
0	0
0	0
0	0
0	0
0	0
0	0
0	0
0	0
0	0
0	0
0	0
0	0
0	0
0	0
0	0
0	0
0	0
0	0
0	0
0	0
0	0
0	0
0	0
0	0
0	0
0	0
0	0
0	0
0	0
0	0
0	0
0	0
0	0
0	0
0	0
0	0
0	0
0	0
0	0
0	0
0	0
0	0
0	0
0	0
0	0
0	0
0	0
0	0
0	0
0	0
0	0
0	0
0	0
0	0
0	0
0	0
0	0
0	0
0	0
1	0
1	0
1	0
1	0
1	0
1	0
1	0
1	0
1	0
1	0
1	0
1	0
1	0
1	0
1	0
1	0
1	0
1	0
1	0
1	0
1	0
1	0
1	0
1	0
1	0
1	0
1	0
1	0
1	0
1	0
1	0
1	0
1	0
1	0
1	0
1	0
1	0
1	0
1	0
1	0
1	0
1	0
1	0
1	0
1	0
1	0
1	0
1	0
1	0
1	0
1	0
1	0
1	0
1	0
1	0
1	0
1	0
1	0
1	0
1	0
1	0
1	0
1	0
1	0
1	0
1	0
1	0
1	0
1	0
1	0
1	0
1	0
1	0
1	0
1	0
1	0
1	0
1	0
1	0
1	0
1	0
1	0
1	0
1	0
1	0
1	0
1	0
1	0
1	0
1	0
1	0
1	0
1	0
1	0
1	0
1	0
1	0
1	0
1	0
1	0
1	0
1	0
1	0
1	0
1	0
1	0
1	0
1	0
1	0
1	0
1	0
1	0
1	0
1	0
1	0
1	0
1	0
1	0
1	0
1	0
1	0
1	0
1	0
1	0
1	0
1	0
1	0
1	0
1	0
1	0
1	0
1	0
1	0
1	0
1	0
1	0
1	0
1	0
1	0
1	0
1	0
1	0
1	0
1	0
1	0
1	0
1	0
1	0
1	0
1	0
1	0
1	0
1	0
1	0
1	0
1	0
1	0
1	0
1	0
1	0
1	0
1	0
1	0
1	0
1	0
1	0
1	0
1	0
1	0
1	0
1	0
1	0
1	0
1	0
1	0
1	0
1	0
1	0
1	0
1	0
1	0
1	0
1	0
1	0
1	0
1	0
1	0
1	0
1	0
1	0
1	0
1	0
1	0
1	0
1	0
1	0
1	0
1	0
1	0
1	0
1	0
1	0
1	0
1	0
1	0
1	0
1	0
1	0
1	0
1	0
1	0
1	0
1	0
1	0
1	0
1	0
1	0
1	0
1	0
1	0
1	0
1	0
1	0
1	0
1	0
1	0
1	0
1	0
1	0
1	0
1	0
1	0
1	0
1	0
1	0
1	0
1	0
1	0
1	0
1	0
1	0
1	0
1	0
1	0
1	0
1	0
1	0
1	0
1	0
1	0
1	0
1	0
1	0
1	0
1	0
1	0
1	0
1	0
1	0
1	0
1	0
1	0
1	0
1	0
1	0
1	0
1	0
1	0
1	0
1	0
1	0
1	0
1	0
1	0
1	0
1	0
1	0
1	0
1	0
1	0
1	0
1	0
1	0
1	0
1	0
1	0
1	0
1	0
1	0
1	0
1	0
1	0
1	0
1	0
1	0
1	0
1	0
1	0
1	0
1	0
1	0
1	0
1	0
1	0
1	0
1	0
1	0
1	0
1	0
1	0
1	0
1	0
1	0
1	0
1	0
1	0
1	0
1	0
1	0
1	0
1	0
1	0
1	0
1	0
1	0
1	0
1	0
1	0
1	0
1	0
1	0
1	0
1	0
1	0
1	0
1	0
1	0
1	0
1	0
1	0
1	0
1	0
1	0
1	0
1	0
1	0
1	0
1	0
1	0
1	0
1	0
1	0
1	0
1	0
1	0
1	0
1	0
1	0
1	0
1	0
1	0
1	0
1	0
1	0
1	0
1	0
1	0
1	0
1	0
1	0
1	0
1	0
1	0
1	0
1	0
1	0
1	0
1	0
1	0
1	0
1	0
1	0
1	0
1	0
1	0
1	0
1	0
1	0
1	0
1	0
1	0
1	0
1	0
1	0
1	0
1	0
1	0
1	0
1	0
1	0
1	0
1	0
1	0
1	0
1	0
1	0
1	0
1	0
1	0
1	0
1	0
1	0
1	0
1	0
1	0
1	0
1	0
1	0
1	0
1	0
1	0
1	0
1	0
1	0
1	0
1	0
1	0
1	0
1	0
1	0
1	0
1	0
1	0
1	0
1	0
1	0
1	0
1	0
1	0
1	0
1	0
1	0
1	0
1	0
1	0
1	0
1	0
1	0
1	0
1	0
1	0
1	0
1	0
1	0
1	0
1	0
1	0
1	0
1	0
1	0
1	0
1	0
1	0
1	0
1	0
1	0
1	0
1	0
1	0
1	0
1	0
1	0
1	0
1	0
1	0
1	0
1	0
1	0
1	0
1	0
1	0
0	0	0	0	0	0	0	0
0	0	0	0	0	0	0	0
0	0	0	0	0	0	0	0
0	0	0	0	0	0	0	0
0	0	0	0	0	0	0	0
0	0	0	0	0	0	0	0
0	0	0	0	0	0	0	0
0	0	0	0	0	0	0	0
0	0	0	0	0	0	0	0
0	0	0	0	0	0	0	0
0	0	0	0	0	0	0	0
0	0	0	0	0	0	0	0
0	0	0	0	0	0	0	0
0	0	0	0	0	0	0	0
0	0	0	0	0	0	0	0
0	0	0	0	0	0	0	0
0	0	0	0	0	0	0	0
0	0	0	0	0	0	0	0
0	0	0	0	0	0	0	0
0	0	0	0	0	0	0	0
0	0	0	0	0	0	0	0
0	0	0	0	0	0	0	0
0	0	0	0	0	0	0	0
0	0	0	0	0	0	0	0
0	0	0	0	0	0	0	0
0	0	0	0	0	0	0	0
0	0	0	0	0	0	0	0
0	0	0	0	0	0	0	0
0	0	0	0	0	0	0	0
0	0	0	0	0	0	0	0
0	0	0	0	0	0	0	0
0	0	0	0	0	0	0	0
0	0	0	0	0	0	0	0
0	0	0	0	0	0	0	0
0	0	0	0	0	0	0	0
0	0	0	0	0	0	0	0
0	0	0	0	0	0	0	0
0	0	0	0	0	0	0	0
0	0	0	0	0	0	0	0
0	0	0	0	0	0	0	0
0	0	0	0	0	0	0	0
0	0	0	0	0	0	0	0
0	0	0	0	0	0	0	0
0	0	0	0	0	0	0	0
0	0	0	0	0	0	0	0
0	0	0	0	0	0	0	0
0	0	0	0	0	0	0	0
0	0	0	0	0	0	0	0
0	0	0	0	0	0	0	0
0	0	0	0	0	0	0	0
0	0	0	0	0	0	0	0
0	0	0	0	0	0	0	0
0	0	0	0	0	0	0	0
0	0	0	0	0	0	0	0
0	0	0	0	0	0	0	0
0	0	0	0	0	0	0	0
0	0	0	0	0	0	0	0
0	0	0	0	0	0	0	0
0	0	0	0	0	0	0	0
0	0	0	0	0	0	0	0
0	0	0	0	0	0	0	0
0	0	0	0	0	0	0	0
0	0	0	0	0	0	0	0
0	0	0	0	0	0	0	0
0	0	0	0	0	0	0	0
0	0	0	0	0	0	0	0
0	0	0	0	0	0	0	0
0	0	0	0	0	0	0	0
0	0	0	0	0	0	0	0
0	0	0	0	0	0	0	0
0	0	0	0	0	0	0	0
0	0	0	0	0	0	0	0
0	0	0	0	0	0	0	0
0	0	0	0	0	0	0	0
0	0	0	0	0	0	0	0
0	0	0	0	0	0	0	0
0	0	0	0	0	0	0	0
0	0	0	0	0	0	0	0
0	0	0	0	0	0	0	0
0	0	0	0	0	0	0	0
0	0	0	0	0	0	0	0
0	0	0	0	0	0	0	0
0	0	0	0	0	0	0	0
0	0	0	0	0	0	0	0
0	0	0	0	0	0	0	0
0	0	0	0	0	0	0	0
0	0	0	0	0	0	0	0
0	0	0	0	0	0	0	0
0	0	0	0	0	0	0	0
0	0	0	0	0	0	0	0
0	0	0	0	0	0	0	0
0	0	0	0	0	0	0	0
0	0	0	0	0	0	0	0
0	0	0	0	0	0	0	0
0	0	0	0	0	0	0	0
0	0	0	0	0	0	0	0
0	0	0	0	0	0	0	0
0	0	0	0	0	0	0	0
0	0	0	0	0	0	0	0
0	0	0	0	0	0	0	0
1	1	1	1	1	1	1	1
1	1	1	1	1	1	1	1
1	1	1	1	1	1	1	1
1	1	1	1	1	1	1	1
1	1	1	1	1	1	1	1
1	1	1	1	1	1	1	1
1	1	1	1	1	1	1	1
1	1	1	1	1	1	1	1
1	1	1	1	1	1	1	1
1	1	1	1	1	1	1	1
1	1	1	1	1	1	1	1
1	1	1	1	1	1	1	1
1	1	1	1	1	1	1	1
1	1	1	1	1	1	1	1
1	1	1	1	1	1	1	1
1	1	1	1	1	1	1	1
1	1	1	1	1	1	1	1
1	1	1	1	1	1	1	1
1	1	1	1	1	1	1	1
1	1	1	1	1	1	1	1
1	1	1	1	1	1	1	1
1	1	1	1	1	1	1	1
1	1	1	1	1	1	1	1
1	1	1	1	1	1	1	1
1	1	1	1	1	1	1	1
1	1	1	1	1	1	1	1
1	1	1	1	1	1	1	1
1	1	1	1	1	1	1	1
1	1	1	1	1	1	1	1
1	1	1	1	1	1	1	1
1	1	1	1	1	1	1	1
1	1	1	1	1	1	1	1
1	1	1	1	1	1	1	1
1	1	1	1	1	1	1	1
1	1	1	1	1	1	1	1
1	1	1	1	1	1	1	1
1	1	1	1	1	1	1	1
1	1	1	1	1	1	1	1
1	1	1	1	1	1	1	1
1	1	1	1	1	1	1	1
1	1	1	1	1	1	1	1
1	1	1	1	1	1	1	1
1	1	1	1	1	1	1	1
1	1	1	1	1	1	1	1
1	1	1	1	1	1	1	1
1	1	1	1	1	1	1	1
1	1	1	1	1	1	1	1
1	1	1	1	1	1	1	1
1	1	1	1	1	1	1	1
1	1	1	1	1	1	1	1
1	1	1	1	1	1	1	1
1	1	1	1	1	1	1	1
1	1	1	1	1	1	1	1
1	1	1	1	1	1	1	1
1	1	1	1	1	1	1	1
1	1	1	1	1	1	1	1
1	1	1	1	1	1	1	1
1	1	1	1	1	1	1	1
1	1	1	1	1	1	1	1
1	1	1	1	1	1	1	1
1	1	1	1	1	1	1	1
1	1	1	1	1	1	1	1
1	1	1	1	1	1	1	1
1	1	1	1	1	1	1	1
1	1	1	1	1	1	1	1
1	1	1	1	1	1	1	1
1	1	1	1	1	1	1	1
1	1	1	1	1	1	1	1
1	1	1	1	1	1	1	1
1	1	1	1	1	1	1	1
1	1	1	1	1	1	1	1
1	1	1	1	1	1	1	1
1	1	1	1	1	1	1	1
1	1	1	1	1	1	1	1
1	1	1	1	1	1	1	1
1	1	1	1	1	1	1	1
1	1	1	1	1	1	1	1
1	1	1	1	1	1	1	1
1	1	1	1	1	1	1	1
1	1	1	1	1	1	1	1
1	1	1	1	1	1	1	1
1	1	1	1	1	1	1	1
1	1	1	1	1	1	1	1
1	1	1	1	1	1	1	1
1	1	1	1	1	1	1	1
1	1	1	1	1	1	1	1
1	1	1	1	1	1	1	1
1	1	1	1	1	1	1	1
1	1	1	1	1	1	1	1
1	1	1	1	1	1	1	1
1	1	1	1	1	1	1	1
1	1	1	1	1	1	1	1
1	1	1	1	1	1	1	1
1	1	1	1	1	1	1	1
1	1	1	1	1	1	1	1
1	1	1	1	1	1	1	1
1	1	1	1	1	1	1	1
1	1	1	1	1	1	1	1
1	1	1	1	1	1	1	1
1	1	1	1	1	1	1	1
1	1	1	1	0	0	0	0
1	1	1	1	0	0	0	0
1	1	1	1	0	0	0	0
1	1	1	1	0	0	0	0
1	1	1	1	0	0	0	0
1	1	1	1	0	0	0	0
1	1	1	1	0	0	0	0
1	1	1	1	0	0	0	0
1	1	1	1	0	0	0	0
1	1	1	1	0	0	0	0
1	1	1	1	0	0	0	0
1	1	1	1	0	0	0	0
1	1	1	1	0	0	0	0
1	1	1	1	0	0	0	0
1	1	1	1	0	0	0	0
1	1	1	1	0	0	0	0
1	1	1	1	0	0	0	0
1	1	1	1	0	0	0	0
1	1	1	1	0	0	0	0
1	1	1	1	0	0	0	0
1	1	1	1	0	0	0	0
1	1	1	1	0	0	0	0
1	1	1	1	0	0	0	0
1	1	1	1	0	0	0	0
1	1	1	1	0	0	0	0
1	1	1	1	0	0	0	0
1	1	1	1	0	0	0	0
1	1	1	1	0	0	0	0
1	1	1	1	0	0	0	0
1	1	1	1	0	0	0	0
1	1	1	1	0	0	0	0
1	1	1	1	0	0	0	0
1	1	1	1	0	0	0	0
1	1	1	1	0	0	0	0
1	1	1	1	0	0	0	0
1	1	1	1	0	0	0	0
1	1	1	1	0	0	0	0
1	1	1	1	0	0	0	0
1	1	1	1	0	0	0	0
1	1	1	1	0	0	0	0
1	1	1	1	0	0	0	0
1	1	1	1	0	0	0	0
1	1	1	1	0	0	0	0
1	1	1	1	0	0	0	0
1	1	1	1	0	0	0	0
1	1	1	1	0	0	0	0
1	1	1	1	0	0	0	0
1	1	1	1	0	0	0	0
1	1	1	1	0	0	0	0
1	1	1	1	0	0	0	0
1	1	1	1	0	0	0	0
1	1	1	1	0	0	0	0
1	1	1	1	0	0	0	0
1	1	1	1	0	0	0	0
1	1	1	1	0	0	0	0
1	1	1	1	0	0	0	0
1	1	1	1	0	0	0	0
1	1	1	1	0	0	0	0
1	1	1	1	0	0	0	0
1	1	1	1	0	0	0	0
1	1	1	1	0	0	0	0
1	1	1	1	0	0	0	0
1	1	1	1	0	0	0	0
1	1	1	1	0	0	0	0
1	1	1	1	0	0	0	0
1	1	1	1	0	0	0	0
1	1	1	1	0	0	0	0
1	1	1	1	0	0	0	0
1	1	1	1	0	0	0	0
1	1	1	1	0	0	0	0
1	1	1	1	0	0	0	0
1	1	1	1	0	0	0	0
1	1	1	1	0	0	0	0
1	1	1	1	0	0	0	0
1	1	1	1	0	0	0	0
1	1	1	1	0	0	0	0
1	1	1	1	0	0	0	0
1	1	1	1	0	0	0	0
1	1	1	1	0	0	0	0
1	1	1	1	0	0	0	0
1	1	1	1	0	0	0	0
1	1	1	1	0	0	0	0
1	1	1	1	0	0	0	0
1	1	1	1	0	0	0	0
1	1	1	1	0	0	0	0
1	1	1	1	0	0	0	0
1	1	1	1	0	0	0	0
1	1	1	1	0	0	0	0
1	1	1	1	0	0	0	0
1	1	1	1	0	0	0	0
1	1	1	1	0	0	0	0
1	1	1	1	0	0	0	0
1	1	1	1	0	0	0	0
1	1	1	1	0	0	0	0
1	1	1	1	0	0	0	0
1	1	1	1	0	0	0	0
1	1	1	1	0	0	0	0
1	1	1	1	0	0	0	0
1	1	1	1	0	0	0	0
1	1	1	1	0	0	0	0
1	1	1	1	0	0	0	0
1	1	1	1	0	0	0	0
1	1	1	1	0	0	0	0
1	1	1	1	0	0	0	0
1	1	1	1	0	0	0	0
1	1	1	1	0	0	0	0
1	1	1	1	0	0	0	0
1	1	1	1	0	0	0	0
1	1	1	1	0	0	0	0
1	1	1	1	0	0	0	0
1	1	1	1	0	0	0	0
1	1	1	1	0	0	0	0
1	1	1	1	0	0	0	0
1	1	1	1	0	0	0	0
1	1	1	1	0	0	0	0
1	1	1	1	0	0	0	0
1	1	1	1	0	0	0	0
1	1	1	1	0	0	0	0
1	1	1	1	0	0	0	0
1	1	1	1	0	0	0	0
1	1	1	1	0	0	0	0
1	1	1	1	0	0	0	0
1	1	1	1	0	0	0	0
1	1	1	1	0	0	0	0
1	1	1	1	0	0	0	0
1	1	1	1	0	0	0	0
1	1	1	1	0	0	0	0
1	1	1	1	0	0	0	0
1	1	1	1	0	0	0	0
1	1	1	1	0	0	0	0
1	1	1	1	0	0	0	0
1	1	1	1	0	0	0	0
1	1	1	1	0	0	0	0
1	1	1	1	0	0	0	0
1	1	1	1	0	0	0	0
1	1	1	1	0	0	0	0
1	1	1	1	0	0	0	0
1	1	1	1	0	0	0	0
1	1	1	1	0	0	0	0
1	1	1	1	0	0	0	0
1	1	1	1	0	0	0	0
1	1	1	1	0	0	0	0
1	1	1	1	0	0	0	0
1	1	1	1	0	0	0	0
1	1	1	1	0	0	0	0
1	1	1	1	0	0	0	0
1	1	1	1	0	0	0	0
1	1	1	1	0	0	0	0
1	1	1	1	0	0	0	0
1	1	1	1	0	0	0	0
1	1	1	1	0	0	0	0
1	1	1	1	0	0	0	0
1	1	1	1	0	0	0	0
1	1	1	1	0	0	0	0
1	1	1	1	0	0	0	0
1	1	1	1	0	0	0	0
1	1	1	1	0	0	0	0
1	1	1	1	0	0	0	0
1	1	1	1	0	0	0	0
1	1	1	1	0	0	0	0
1	1	1	1	0	0	0	0
1	1	1	1	0	0	0	0
1	1	1	1	0	0	0	0
1	1	1	1	0	0	0	0
1	1	1	1	0	0	0	0
1	1	1	1	0	0	0	0
1	1	1	1	0	0	0	0
1	1	1	1	0	0	0	0
1	1	1	1	0	0	0	0
1	1	1	1	0	0	0	0
1	1	1	1	0	0	0	0
1	1	1	1	0	0	0	0
1	1	1	1	0	0	0	0
1	1	1	1	0	0	0	0
1	1	1	1	0	0	0	0
1	1	1	1	0	0	0	0
1	1	1	1	0	0	0	0
1	1	1	1	0	0	0	0
1	1	1	1	0	0	0	0
1	1	1	1	0	0	0	0
1	1	1	1	0	0	0	0
1	1	1	1	0	0	0	0
1	1	1	1	0	0	0	0
1	1	1	1	0	0	0	0
1	1	1	1	0	0	0	0
1	1	1	1	0	0	0	0
1	1	1	1	0	0	0	0
1	1	1	1	0	0	0	0
1	1	1	1	0	0	0	0
1	1	1	1	0	0	0	0
1	1	1	1	0	0	0	0
1	1	1	1	0	0	0	0
1	1	1	1	0	0	0	0
1	1	1	1	0	0	0	0
1	1	1	1	0	0	0	0
1	1	1	1	0	0	0	0
1	1	1	1	0	0	0	0
1	1	1	1	0	0	0	0
1	1	1	1	0	0	0	0
1	1	1	1	0	0	0	0
1	1	1	1	0	0	0	0
1	1	1	1	0	0	0	0
1	1	1	1	0	0	0	0
1	1	1	1	0	0	0	0
1	1	1	1	0	0	0	0
1	1	1	1	0	0	0	0
1	1	1	1	0	0	0	0
1	1	1	1	0	0	0	0
1	1	1	1	0	0	0	0
1	1	1	1	0	0	0	0
1	1	1	1	0	0	0	0
1	1	1	1	0	0	0	0
1	1	1	1	0	0	0	0
1	1	1	1	0	0	0	0
1	1	1	1	0	0	0	0
1	1	1	1	0	0	0	0
1	1	1	1	0	0	0	0
1	1	1	1	0	0	0	0
1	1	1	1	0	0	0	0
1	1	1	1	0	0	0	0
1	1	1	1	0	0	0	0
1	1	1	1	0	0	0	0
1	1	1	1	0	0	0	0
1	1	1	1	0	0	0	0
1	1	1	1	0	0	0	0
1	1	1	1	0	0	0	0
1	1	1	1	0	0	0	0
1	1	1	1	0	0	0	0
1	1	1	1	0	0	0	0
1	1	1	1	0	0	0	0
1	1	1	1	0	0	0	0
1	1	1	1	0	0	0	0
1	1	1	1	0	0	0	0
1	1	1	1	0	0	0	0
1	1	1	1	0	0	0	0
1	1	1	1	0	0	0	0
1	1	1	1	0	0	0	0
1	1	1	1	0	0	0	0
1	1	1	1	0	0	0	0
1	1	1	1	0	0	0	0
1	1	1	1	0	0	0	0
1	1	1	1	0	0	0	0
1	1	1	1	0	0	0	0
1	1	1	1	0	0	0	0
1	1	1	1	0	0	0	0
1	1	1	1	0	0	0	0
1	1	1	1	0	0	0	0
1	1	1	1	0	0	0	0
1	1	1	1	0	0	0	0
1	1	1	1	0	0	0	0
1	1	1	1	0	0	0	0
1	1	1	1	0	0	0	0
1	1	1	1	0	0	0	0
1	1	1	1	0	0	0	0
1	1	1	1	0	0	0	0
1	1	1	1	0	0	0	0
1	1	1	1	0	0	0	0
1	1	1	1	0	0	0	0
1	1	1	1	0	0	0	0
1	1	1	1	0	0	0	0
1	1	1	1	0	0	0	0
1	1	1	1	0	0	0	0
1	1	1	1	0	0	0	0
1	1	1	1	0	0	0	0
1	1	1	1	0	0	0	0
1	1	1	1	0	0	0	0
1	1	1	1	0	0	0	0
1	1	1	1	0	0	0	0
1	1	1	1	0	0	0	0
1	1	1	1	0	0	0	0
1	1	1	1	0	0	0	0
1	1	1	1	0	0	0	0
1	1	1	1	0	0	0	0
1	1	1	1	0	0	0	0
1	1	1	1	0	0	0	0
1	1	1	1	0	0	0	0
1	1	1	1	0	0	0	0
1	1	1	1	0	0	0	0
1	1	1	1	0	0	0	0
1	1	1	1	0	0	0	0
1	1	1	1	0	0	0	0
1	1	1	1	0	0	0	0
1	1	1	1	0	0	0	0
1	1	1	1	0	0	0	0
1	1	1	1	0	0	0	0
1	1	1	1	0	0	0	0
1	1	1	1	0	0	0	0
1	1	1	1	0	0	0	0
1	1	1	1	0	0	0	0
1	1	1	1	0	0	0	0
1	1	1	1	0	0	0	0
1	1	1	1	0	0	0	0
1	1	1	1	0	0	0	0
1	1	1	1	0	0	0	0
1	1	1	1	0	0	0	0
1	1	1	1	0	0	0	0
1	1	1	1	0	0	0	0
1	1	1	1	0	0	0	0
1	1	1	1	0	0	0	0
1	1	1	1	0	0	0	0
1	1	1	1	0	0	0	0
1	1	1	1	0	0	0	0
1	1	1	1	0	0	0	0
1	1	1	1	0	0	0	0
1	1	1	1	0	0	0	0
1	1	1	1	0	0	0	0
1	1	1	1	0	0	0	0
1	1	1	1	0	0	0	0
1	1	1	1	0	0	0	0
1	1	1	1	0	0	0	0
1	1	1	1	0	0	0	0
1	1	1	1	0	0	0	0
1	1	1	1	0	0	0	0
1	1	1	1	0	0	0	0
1	1	1	1	0	0	0	0
1	1	1	1	0	0	0	0
1	1	1	1	0	0	0	0
1	1	1	1	0	0	0	0
1	1	1	1	0	0	0	0
1	1	1	1	0	0	0	0
1	1	1	1	0	0	0	0
1	1	1	1	0	0	0	0
1	1	1	1	0	0	0	0
1	1	1	1	0	0	0	0
1	1	1	1	0	0	0	0
1	1	1	1	0	0	0	0
1	1	1	1	0	0	0	0
1	1	1	1	0	0	0	0
1	1	1	1	0	0	0	0
1	1	1	1	0	0	0	0
1	1	1	1	0	0	0	0
1	1	1	1	0	0	0	0
1	1	1	1	0	0	0	0
1	1	1	1	0	0	0	0
1	1	1	1	0	0	0	0
1	1	1	1	0	0	0	0
1	1	1	1	0	0	0	0
1	1	1	1	0	0	0	0
1	1	1	1	0	0	0	0
1	1	1	1	0	0	0	0
1	1	1	1	0	0	0	0
1	1	1	1	0	0	0	0
1	1	1	1	0	0	0	0
1	1	1	1	0	0	0	0
1	1	1	1	0	0	0	0
1	1	1	1	0	0	0	0
1	1	1	1	0	0	0	0
1	1	1	1	0	0	0	0
1	1	1	1	0	0	0	0
1	1	1	1	0	0	0	0
1	1	1	1	0	0	0	0
1	1	1	1	0	0	0	0
1	1	1	1	0	0	0	0
1	1	1	1	0	0	0	0
1	1	1	1	0	0	0	0
1	1	1	1	0	0	0	0
1	1	1	1	0	0	0	0
1	1	1	1	0	0	0	0
1	1	1	1	0	0	0	0
1	1	1	1	0	0	0	0
1	1	1	1	0	0	0	0
1	1	1	1	0	0	0	0
1	1	1	1	0	0	0	0
1	1	1	1	0	0	0	0
1	1	1	1	0	0	0	0
1	1	1	1	0	0	0	0
1	1	1	1	0	0	0	0
1	1	1	1	0	0	0	0
1	1	1	1	0	0	0	0
1	1	1	1	0	0	0	0
1	1	1	1	0	0	0	0
1	1	1	1	0	0	0	0
1	1	1	1	0	0	0	0
1	1	1	1	0	0	0	0
1	1	1	1	0	0	0	0
1	1	1	1	0	0	0	0
1	1	1	1	0	0	0	0
1	1	1	1	0	0	0	0
1	1	1	1	0	0	0	0
1	1	1	1	0	0	0	0
1	1	1	1	0	0	0	0
1	1	1	1	0	0	0	0
1	1	1	1	0	0	0	0
1	1	1	1	0	0	0	0
1	1	1	1	0	0	0	0
1	1	1	1	0	0	0	0
1	1	1	1	0	0	0	0
1	1	1	1	0	0	0	0
1	1	1	1	0	0	0	0
1	1	1	1	0	0	0	0
1	1	1	1	0	0	0	0
1	1	1	1	0	0	0	0
1	1	1	1	0	0	0	0
1	1	1	1	0	0	0	0
1	1	1	1	0	0	0	0
1	1	1	1	0	0	0	0
1	1	1	1	0	0	0	0
1	1	1	1	0	0	0	0
1	1	1	1	0	0	0	0
1	1	1	1	0	0	0	0

