5
0.2

0.0  0.0     0.5    0.06     0.06        0.12             2    0
0.0  -0.2   0.7    0.06     0.06        0.12             2    0
0.0  0.2    0.7    0.06     0.06        0.12            2    0
0.0  -0.2  0.3    0.06     0.06        0.12            2    0
0.0  0.2    0.3    0.06     0.06        0.12             2    0

1.0 0.0 0.0
0.0 1.0 0.0
0.0 0.0 1.0

1.0 0.0 0.0
0.0 0.707107 0.707107
0.0 -0.707107 0.707107

1.0 0.0 0.0
0.0 0.707107 -0.707107
0.0 0.707107 0.707107



1.0 0.0 0.0
0.0 0.707107 -0.707107
0.0 0.707107 0.707107

1.0 0.0 0.0
0.0 0.707107 0.707107
0.0 -0.707107 0.707107


